date,stock_id,Trading_Volume,Trading_money,open,max,min,close,spread,Trading_turnover
2020-03-09,4581,1050000.0,46815000.0,42.15,46.0,42.15,45.3,0.0,755.0
2020-03-10,4581,385000.0,16341450.0,43.75,43.75,40.8,42.25,-3.05,289.0
2020-03-11,4581,195000.0,8327100.0,42.65,43.75,41.1,41.3,-0.95,156.0
2020-03-12,4581,314000.0,12066800.0,40.9,40.9,37.0,38.9,-2.4,198.0
2020-03-13,4581,196000.0,7092650.0,37.0,37.3,35.3,37.0,-1.9,97.0
2020-03-16,4581,128000.0,4621000.0,37.5,37.5,35.2,35.2,-1.8,87.0
2020-03-17,4581,159000.0,5182650.0,34.85,34.85,31.7,32.0,-3.2,100.0
2020-03-18,4581,117000.0,3851850.0,32.5,33.2,32.5,32.5,0.5,61.0
2020-03-19,4581,226000.0,6698450.0,31.5,31.5,29.25,29.5,-3.0,100.0
2020-03-20,4581,85000.0,2700750.0,29.8,32.45,29.8,32.45,2.95,59.0
2020-03-23,4581,53000.0,1696550.0,32.35,32.35,31.85,32.05,-0.4,41.0
2020-03-24,4581,35000.0,1170400.0,35.0,35.0,32.6,32.95,0.9,33.0
2020-03-25,4581,52000.0,1761750.0,33.9,34.6,33.05,33.05,0.1,39.0
2020-03-26,4581,30000.0,1008100.0,33.95,33.95,33.5,33.6,0.55,23.0
2020-03-27,4581,47010.0,1579769.0,33.55,33.85,33.0,33.8,0.2,36.0
2020-03-30,4581,116000.0,4022200.0,34.0,35.5,33.8,35.45,1.65,69.0
2020-03-31,4581,49000.0,1784650.0,36.5,37.0,35.55,36.4,0.95,29.0
2020-04-01,4581,213000.0,8409950.0,37.5,40.0,37.0,39.5,3.1,143.0
2020-04-06,4581,200000.0,7979250.0,38.15,41.0,37.1,40.2,0.7,148.0
2020-04-07,4581,76000.0,3039900.0,40.2,40.6,39.2,39.85,-0.35,60.0
2020-04-08,4581,84000.0,3318300.0,39.85,40.0,39.05,39.15,-0.7,70.0
2020-04-09,4581,89000.0,3407850.0,39.25,39.25,38.0,38.2,-0.95,78.0
2020-04-10,4581,11010.0,422755.0,38.2,38.55,38.2,38.55,0.35,12.0
2020-04-13,4581,29000.0,1111000.0,38.55,38.55,37.65,37.85,-0.7,24.0
2020-04-14,4581,51000.0,1974850.0,38.4,39.2,38.1,38.85,1.0,47.0
2020-04-15,4581,88000.0,3410950.0,38.85,38.95,38.4,38.5,-0.35,71.0
2020-04-16,4581,28000.0,1065800.0,38.35,38.5,37.75,38.3,-0.2,27.0
2020-04-17,4581,72000.0,2747000.0,38.45,38.6,38.0,38.1,-0.2,59.0
2020-04-20,4581,14000.0,528100.0,37.65,37.95,37.5,37.95,-0.15,13.0
2020-04-21,4581,44000.0,1657550.0,37.5,38.0,37.5,37.7,-0.25,35.0
2020-04-22,4581,34000.0,1280450.0,37.7,37.9,37.5,37.85,0.15,29.0
2020-04-23,4581,23000.0,870350.0,37.75,38.15,37.5,38.15,0.3,23.0
2020-04-24,4581,14000.0,529350.0,37.7,38.1,37.7,37.85,-0.3,13.0
2020-04-27,4581,84000.0,3270850.0,38.05,39.5,38.0,39.05,1.2,65.0
2020-04-28,4581,37000.0,1443600.0,39.05,39.25,38.65,39.25,0.2,31.0
2020-04-29,4581,18000.0,708400.0,39.3,39.5,39.2,39.4,0.15,18.0
2020-04-30,4581,37000.0,1463300.0,39.45,39.8,39.4,39.45,0.05,34.0
2020-05-04,4581,28000.0,1083500.0,39.3,39.3,38.3,38.55,-0.9,23.0
2020-05-05,4581,38000.0,1467150.0,39.0,39.0,38.5,38.8,0.25,32.0
2020-05-06,4581,23000.0,886700.0,38.8,38.8,38.3,38.8,0.0,17.0
2020-05-07,4581,20000.0,773550.0,38.85,39.0,38.3,38.85,0.05,18.0
2020-05-08,4581,13000.0,505250.0,38.85,39.2,38.65,38.8,-0.05,13.0
2020-05-11,4581,35000.0,1341250.0,38.5,38.5,38.0,38.3,-0.5,31.0
2020-05-12,4581,37000.0,1409900.0,38.6,38.6,38.0,38.0,-0.3,29.0
2020-05-13,4581,25000.0,963350.0,38.45,38.85,38.05,38.8,0.8,23.0
2020-05-14,4581,16000.0,616400.0,38.8,38.8,38.3,38.5,-0.3,15.0
2020-05-15,4581,16000.0,621250.0,38.6,38.95,38.5,38.85,0.35,15.0
2020-05-18,4581,37000.0,1415550.0,38.8,38.8,38.0,38.25,-0.6,28.0
2020-05-19,4581,12000.0,463900.0,38.75,38.8,38.5,38.8,0.55,10.0
2020-05-20,4581,55000.0,2150500.0,38.8,39.5,38.8,39.4,0.6,42.0
2020-05-21,4581,323000.0,13780500.0,39.6,43.3,39.6,43.3,3.9,166.0
2020-05-22,4581,625990.0,29487924.0,45.2,47.6,44.0,47.6,4.3,404.0
2020-05-25,4581,799000.0,38656800.0,49.4,50.0,46.0,46.2,-1.4,529.0
2020-05-26,4581,305000.0,13840000.0,46.85,47.45,44.3,44.6,-1.6,216.0
2020-05-27,4581,210000.0,9237950.0,43.5,45.45,42.85,42.85,-1.75,162.0
2020-05-28,4581,170000.0,7173000.0,43.4,43.4,41.5,41.5,-1.35,129.0
2020-05-29,4581,75300.0,3133424.0,42.35,42.35,40.8,41.8,0.3,67.0
2020-06-01,4581,123260.0,5474188.0,42.5,45.75,42.5,43.95,2.15,110.0
2020-06-02,4581,59130.0,2574618.0,44.5,44.5,43.05,43.8,-0.15,54.0
2020-06-03,4581,81000.0,3509250.0,43.8,44.2,43.0,43.8,0.0,66.0
2020-06-04,4581,41080.0,1781933.0,43.8,43.8,43.1,43.25,-0.55,36.0
2020-06-05,4581,59200.0,2599930.0,43.3,44.15,43.3,44.0,0.75,53.0
2020-06-08,4581,82140.0,3644388.0,44.2,45.1,44.0,44.6,0.6,54.0
2020-06-09,4581,64500.0,2843449.0,44.6,44.8,43.5,43.5,-1.1,58.0
2020-06-10,4581,61100.0,2618890.0,43.25,43.5,42.55,43.5,0.0,58.0
2020-06-11,4581,118000.0,4986400.0,43.05,43.1,40.8,41.5,-2.0,91.0
2020-06-12,4581,128000.0,5217400.0,39.6,41.85,39.6,41.6,0.1,79.0
2020-06-15,4581,84348.0,3440261.0,41.65,41.65,40.15,40.15,-1.45,72.0
2020-06-16,4581,65000.0,2650550.0,40.8,41.5,40.4,41.5,1.35,43.0
2020-06-17,4581,25000.0,1030800.0,41.7,41.7,40.45,41.35,-0.15,22.0
2020-06-18,4581,27700.0,1139290.0,41.4,41.4,40.9,41.1,-0.25,27.0
2020-06-19,4581,64000.0,2613600.0,41.15,41.2,40.65,40.9,-0.2,61.0
2020-06-22,4581,36000.0,1481050.0,40.9,41.9,40.85,40.95,0.05,31.0
2020-06-23,4581,21052.0,863052.0,41.0,41.0,40.95,41.0,0.05,18.0
2020-06-24,4581,28350.0,1167940.0,41.5,41.8,40.9,41.0,0.0,21.0
2020-06-29,4581,19248.0,787167.0,41.45,41.45,40.6,40.7,-0.3,16.0
2020-06-30,4581,28000.0,1142900.0,41.0,41.0,40.7,40.75,0.05,24.0
2020-07-01,4581,57000.0,2313300.0,40.75,40.85,40.5,40.5,-0.25,38.0
2020-07-02,4581,73000.0,2964050.0,40.6,40.75,40.55,40.6,0.1,56.0
2020-07-03,4581,103000.0,4254950.0,40.9,41.5,40.85,41.4,0.8,60.0
2020-07-06,4581,264147.0,11562006.0,41.9,45.15,41.9,45.1,3.7,174.0
2020-07-07,4581,124247.0,5538977.0,45.45,46.5,43.55,44.45,-0.65,97.0
2020-07-08,4581,56000.0,2481300.0,44.0,44.55,44.0,44.1,-0.35,45.0
2020-07-09,4581,53000.0,2304300.0,44.9,44.9,43.0,43.15,-0.95,47.0
2020-07-10,4581,55000.0,2343550.0,43.2,43.2,42.2,42.25,-0.9,51.0
2020-07-13,4581,34000.0,1454750.0,42.8,43.5,42.35,43.5,1.25,26.0
2020-07-14,4581,7100.0,305200.0,43.5,43.5,42.8,42.8,-0.7,8.0
2020-07-15,4581,31000.0,1336200.0,43.3,43.3,42.9,43.1,0.3,25.0
2020-07-16,4581,21000.0,911500.0,43.2,44.45,43.05,43.15,0.05,21.0
2020-07-17,4581,45000.0,1906200.0,43.2,43.2,42.0,42.75,-0.4,37.0
2020-07-20,4581,29000.0,1222250.0,42.75,42.75,42.0,42.25,-0.5,23.0
2020-07-21,4581,61000.0,2589300.0,42.2,42.7,42.2,42.45,0.2,40.0
2020-07-22,4581,137000.0,5773500.0,42.45,42.6,41.8,41.95,-0.5,105.0
2020-07-23,4581,74000.0,2914150.0,40.0,40.0,39.0,39.55,0.0,60.0
2020-07-24,4581,37011.0,1436210.0,39.5,39.5,38.7,38.7,-0.85,32.0
2020-07-27,4581,36000.0,1351300.0,38.5,38.5,37.25,37.6,-1.1,27.0
2020-07-28,4581,64000.0,2340150.0,37.6,37.6,36.2,36.45,-1.15,35.0
2020-07-29,4581,17000.0,621900.0,36.3,37.0,36.2,37.0,0.55,16.0
2020-07-30,4581,7000.0,257850.0,37.0,37.1,36.55,36.7,-0.3,7.0
2020-07-31,4581,13000.0,481150.0,37.1,37.25,36.8,37.25,0.55,10.0
2020-08-03,4581,44000.0,1610300.0,37.0,37.0,36.5,36.9,-0.35,24.0
2020-08-04,4581,24100.0,887550.0,37.0,37.0,36.6,36.65,-0.25,20.0
2020-08-05,4581,31000.0,1135950.0,36.8,36.8,36.5,36.7,0.05,17.0
2020-08-06,4581,62000.0,2254100.0,36.35,36.7,36.0,36.7,0.0,44.0
2020-08-07,4581,20000.0,729500.0,36.35,36.8,36.35,36.65,-0.05,13.0
2020-08-10,4581,17000.0,621800.0,36.0,36.85,36.0,36.7,0.05,13.0
2020-08-11,4581,12000.0,435450.0,36.7,36.7,36.1,36.3,-0.4,11.0
2020-08-12,4581,21001.0,763488.0,36.05,36.65,36.0,36.45,0.15,19.0
2020-08-13,4581,45000.0,1654550.0,36.5,37.15,36.05,36.7,0.25,31.0
2020-08-14,4581,12000.0,436650.0,36.7,36.7,36.2,36.7,0.0,12.0
2020-08-17,4581,12000.0,444300.0,36.8,37.4,36.8,37.4,0.7,12.0
2020-08-18,4581,27000.0,1011100.0,37.45,37.5,37.2,37.45,0.05,20.0
2020-08-19,4581,22005.0,821349.0,37.5,37.5,37.1,37.25,-0.2,21.0
2020-08-20,4581,26000.0,944250.0,37.25,37.45,35.7,36.4,-0.85,20.0
2020-08-21,4581,25000.0,910650.0,36.6,36.7,36.2,36.7,0.3,17.0
2020-08-24,4581,27010.0,983142.0,36.2,36.8,36.2,36.35,-0.35,18.0
2020-08-25,4581,9000.0,327350.0,36.25,36.75,36.25,36.5,0.15,8.0
2020-08-26,4581,13000.0,475150.0,36.5,36.7,36.3,36.5,0.0,11.0
2020-08-27,4581,24000.0,894100.0,36.85,37.4,36.85,37.0,0.5,18.0
2020-08-28,4581,20000.0,743500.0,37.0,37.3,37.0,37.05,0.05,13.0
2020-08-31,4581,22000.0,815100.0,37.45,37.45,36.85,37.0,-0.05,15.0
2020-09-01,4581,23000.0,857700.0,37.0,37.5,37.0,37.15,0.15,17.0
2020-09-02,4581,13000.0,489550.0,37.5,37.9,37.2,37.2,0.05,11.0
2020-09-03,4581,10000.0,374200.0,37.1,37.65,37.1,37.35,0.15,8.0
2020-09-04,4581,16000.0,592450.0,37.2,37.25,37.0,37.0,-0.35,11.0
2020-09-07,4581,9000.0,334400.0,37.15,37.25,37.0,37.25,0.25,8.0
2020-09-08,4581,11000.0,407500.0,37.3,37.35,36.75,37.3,0.05,10.0
2020-09-09,4581,12000.0,444900.0,37.0,37.4,37.0,37.05,-0.25,9.0
2020-09-10,4581,35000.0,1298350.0,37.05,37.6,37.0,37.0,-0.05,12.0
2020-09-11,4581,18000.0,664550.0,36.9,37.0,36.85,36.9,-0.1,11.0
2020-09-14,4581,5000.0,186250.0,36.85,37.55,36.85,37.5,0.6,4.0
2020-09-15,4581,42000.0,1590500.0,37.9,37.95,37.6,37.85,0.35,33.0
2020-09-16,4581,9000.0,338000.0,37.65,37.85,37.4,37.85,0.0,9.0
2020-09-17,4581,37000.0,1400000.0,38.0,38.05,37.5,37.9,0.05,19.0
2020-09-18,4581,6000.0,227800.0,38.0,38.0,37.95,37.95,0.05,5.0
2020-09-21,4581,11000.0,417400.0,37.95,38.0,37.9,37.9,-0.05,8.0
2020-09-22,4581,4100.0,153920.0,37.5,37.6,37.5,37.55,-0.35,5.0
2020-09-23,4581,28092.0,1047744.0,37.6,37.6,37.05,37.1,-0.45,19.0
2020-09-24,4581,15000.0,553250.0,37.1,37.1,36.7,36.8,-0.3,13.0
2020-09-25,4581,12000.0,439450.0,37.5,37.5,36.2,36.75,-0.05,10.0
2020-09-28,4581,33008.0,1203697.0,36.25,36.85,36.2,36.85,0.1,17.0
2020-09-29,4581,3000.0,112400.0,37.5,37.5,37.45,37.45,0.6,3.0
2020-09-30,4581,8000.0,299600.0,37.4,37.5,37.4,37.5,0.05,8.0
2020-10-05,4581,4000.0,148350.0,37.3,37.3,36.8,37.25,-0.25,4.0
2020-10-06,4581,4000.0,148850.0,37.3,37.3,37.0,37.25,0.0,3.0
2020-10-07,4581,5000.0,186150.0,37.2,37.25,37.2,37.25,0.0,3.0
2020-10-08,4581,23000.0,847450.0,36.7,37.4,36.4,37.4,0.15,20.0
2020-10-12,4581,4010.0,148098.0,36.9,37.15,36.8,37.15,-0.25,5.0
2020-10-13,4581,1000.0,37150.0,37.15,37.15,37.15,37.15,0.0,1.0
2020-10-14,4581,9000.0,331300.0,37.0,37.0,36.65,36.9,-0.25,8.0
2020-10-15,4581,3000.0,111150.0,37.05,37.05,37.05,37.05,0.15,2.0
2020-10-16,4581,4000.0,148000.0,37.0,37.0,37.0,37.0,-0.05,4.0
2020-10-19,4581,50000.0,1872900.0,37.0,38.0,36.65,37.65,0.65,29.0
2020-10-20,4581,13000.0,488900.0,37.0,37.9,37.0,37.5,-0.15,8.0
2020-10-21,4581,4000.0,148600.0,37.1,37.35,37.05,37.35,-0.15,3.0
2020-10-22,4581,2000.0,74350.0,37.35,37.35,37.0,37.0,-0.35,2.0
2020-10-23,4581,5000.0,186400.0,37.5,37.5,37.0,37.05,0.05,5.0
2020-10-26,4581,10000.0,369450.0,37.05,37.05,36.7,36.95,-0.1,9.0
2020-10-27,4581,2000.0,73950.0,36.95,37.0,36.95,37.0,0.05,2.0
2020-10-28,4581,15000.0,550700.0,36.6,37.0,36.6,36.6,-0.4,14.0
2020-10-29,4581,14000.0,508600.0,36.5,36.5,36.2,36.25,-0.35,12.0
2020-10-30,4581,9000.0,331350.0,36.9,36.9,36.7,36.7,0.45,8.0
2020-11-02,4581,1000.0,36700.0,36.7,36.7,36.7,36.7,0.0,1.0
2020-11-03,4581,8000.0,290950.0,36.3,36.8,36.0,36.8,0.1,8.0
2020-11-04,4581,8000.0,290250.0,36.2,36.6,36.2,36.6,-0.2,8.0
2020-11-05,4581,15000.0,547900.0,36.3,36.8,36.3,36.6,0.0,10.0
2020-11-06,4581,13000.0,479700.0,36.7,37.0,36.3,37.0,0.4,12.0
2020-11-09,4581,14000.0,518650.0,37.0,37.25,37.0,37.0,0.0,12.0
2020-11-10,4581,23000.0,843550.0,36.95,37.0,36.3,36.35,-0.65,17.0
2020-11-11,4581,10000.0,368200.0,36.15,37.0,36.15,37.0,0.65,9.0
2020-11-12,4581,14000.0,511950.0,36.7,36.7,36.4,36.4,-0.6,12.0
2020-11-13,4581,7000.0,256850.0,36.45,36.9,36.45,36.9,0.5,6.0
2020-11-16,4581,5000.0,184350.0,36.9,36.9,36.85,36.85,-0.05,4.0
2020-11-17,4581,17000.0,626850.0,37.0,37.0,36.85,36.85,0.0,10.0
2020-11-18,4581,20000.0,734800.0,36.85,36.95,36.6,36.9,0.05,16.0
2020-11-19,4581,11108.0,407254.0,36.9,36.9,36.6,36.65,-0.25,7.0
2020-11-20,4581,16000.0,587300.0,36.65,36.95,36.6,36.95,0.3,11.0
2020-11-23,4581,20000.0,737800.0,37.0,37.0,36.75,37.0,0.05,16.0
2020-11-24,4581,3000.0,110700.0,37.0,37.0,36.85,36.85,-0.15,3.0
2020-11-25,4581,8000.0,295100.0,36.85,36.95,36.8,36.95,0.1,7.0
2020-11-26,4581,8000.0,294100.0,36.75,36.9,36.65,36.9,-0.05,6.0
2020-11-27,4581,50000.0,1862000.0,36.95,38.5,36.95,37.1,0.2,39.0
2020-11-30,4581,50000.0,1859200.0,37.1,37.3,37.1,37.3,0.2,30.0
2020-12-01,4581,12000.0,447150.0,37.35,37.35,37.2,37.2,-0.1,11.0
2020-12-02,4581,31000.0,1148600.0,37.25,37.4,36.75,37.0,-0.2,25.0
2020-12-03,4581,17000.0,633150.0,37.25,37.35,37.05,37.05,0.05,13.0
2020-12-04,4581,14000.0,519450.0,37.1,37.2,37.0,37.0,-0.05,10.0
2020-12-07,4581,12000.0,446400.0,37.35,37.35,37.0,37.0,0.0,9.0
2020-12-08,4581,13000.0,479000.0,37.0,37.05,36.5,36.7,-0.3,11.0
2020-12-09,4581,17000.0,622300.0,36.5,37.0,36.5,36.7,0.0,15.0
2020-12-10,4581,27000.0,987050.0,36.65,36.95,36.4,36.55,-0.15,22.0
2020-12-11,4581,26000.0,952250.0,36.55,36.9,36.45,36.9,0.35,21.0
2020-12-14,4581,9000.0,330200.0,36.7,36.7,36.6,36.6,-0.3,6.0
2020-12-15,4581,17000.0,623650.0,36.6,36.9,36.6,36.85,0.25,11.0
2020-12-16,4581,25000.0,922250.0,37.0,37.0,36.7,36.9,0.05,18.0
2020-12-17,4581,18000.0,662400.0,36.9,37.0,36.7,37.0,0.1,10.0
2020-12-18,4581,39000.0,1445200.0,37.05,37.3,37.0,37.3,0.3,24.0
2020-12-21,4581,44000.0,1643350.0,37.1,37.5,37.05,37.4,0.1,24.0
2020-12-22,4581,17000.0,630300.0,37.4,37.4,36.7,36.95,-0.45,15.0
2020-12-23,4581,8000.0,296200.0,37.0,37.2,37.0,37.0,0.05,7.0
2020-12-24,4581,11000.0,407900.0,37.1,37.1,37.05,37.1,0.1,11.0
2020-12-25,4581,53000.0,1956550.0,37.1,37.1,36.6,36.75,-0.35,28.0
2020-12-28,4581,21000.0,772700.0,36.75,37.0,36.6,37.0,0.25,18.0
2020-12-29,4581,95495.0,3574862.0,37.05,37.95,37.05,37.65,0.65,62.0
2020-12-30,4581,36040.0,1355010.0,37.7,37.75,37.4,37.4,-0.25,24.0
2020-12-31,4581,37000.0,1380400.0,37.5,37.5,37.2,37.2,-0.2,25.0
2021-01-04,4581,55000.0,2066550.0,37.3,38.25,37.05,37.25,0.05,43.0
2021-01-05,4581,151000.0,5656150.0,37.5,37.7,37.3,37.65,0.4,59.0
2021-01-06,4581,294000.0,11553200.0,38.15,40.6,38.15,39.0,1.35,239.0
2021-01-07,4581,396000.0,15847350.0,39.0,40.7,38.6,39.7,0.7,251.0
2021-01-08,4581,84000.0,3307600.0,39.9,39.9,38.7,38.7,-1.0,57.0
2021-01-11,4581,59000.0,2223700.0,38.15,38.15,37.3,37.65,-1.05,50.0
2021-01-12,4581,66000.0,2473350.0,37.75,37.75,37.1,37.25,-0.4,45.0
2021-01-13,4581,162000.0,6055700.0,37.25,37.6,36.9,37.35,0.1,87.0
2021-01-14,4581,101000.0,3808600.0,37.4,38.0,37.4,37.75,0.4,69.0
2021-01-15,4581,42000.0,1577350.0,38.2,38.2,37.2,37.35,-0.4,31.0
2021-01-18,4581,11000.0,414250.0,37.5,37.7,37.5,37.7,0.35,10.0
2021-01-19,4581,26000.0,966400.0,37.7,37.7,37.0,37.15,-0.55,26.0
2021-01-20,4581,41000.0,1502450.0,37.15,37.15,36.4,36.4,-0.75,31.0
2021-01-21,4581,21104.0,770291.0,36.2,36.95,36.2,36.6,0.2,19.0
2021-01-22,4581,16000.0,584500.0,36.3,37.0,36.25,36.8,0.2,12.0
2021-01-25,4581,11000.0,403850.0,36.8,36.85,36.5,36.8,0.0,10.0
2021-01-26,4581,15000.0,547800.0,36.5,36.75,36.45,36.65,-0.15,11.0
2021-01-27,4581,26000.0,957250.0,36.9,37.0,36.65,36.9,0.25,18.0
2021-01-28,4581,6030.0,221466.0,36.7,36.85,36.35,36.85,-0.05,7.0
2021-01-29,4581,12000.0,443450.0,36.95,37.0,36.85,37.0,0.15,8.0
2021-02-01,4581,33000.0,1187500.0,35.8,36.95,35.0,35.75,-1.25,27.0
2021-02-02,4581,16000.0,577050.0,36.7,36.7,35.9,35.9,0.15,12.0
2021-02-03,4581,8000.0,287800.0,35.8,36.1,35.8,36.1,0.2,6.0
2021-02-04,4581,6100.0,220285.0,35.95,36.75,35.95,36.0,-0.1,6.0
2021-02-05,4581,9000.0,327150.0,36.15,36.9,36.15,36.15,0.15,9.0
2021-02-17,4581,18000.0,661450.0,36.25,36.8,36.25,36.8,0.65,14.0
2021-02-18,4581,12000.0,441800.0,36.95,36.95,36.8,36.8,0.0,8.0
2021-02-19,4581,16015.0,587708.0,36.8,36.85,36.5,36.85,0.05,11.0
2021-02-22,4581,57000.0,2147200.0,36.85,38.5,36.8,37.7,0.85,41.0
2021-02-23,4581,24000.0,903850.0,37.7,37.7,37.25,37.55,-0.15,16.0
2021-02-24,4581,8000.0,299900.0,37.6,37.6,37.3,37.3,-0.25,5.0
2021-02-25,4581,33067.0,1231346.0,37.35,37.4,37.15,37.2,-0.1,23.0
2021-02-26,4581,36000.0,1338750.0,37.3,37.3,37.1,37.2,0.0,18.0
2021-03-02,4581,61040.0,2285380.0,37.5,37.5,37.25,37.25,0.05,38.0
2021-03-03,4581,1036151.0,41392765.0,39.0,40.95,37.6,39.95,2.7,602.0
2021-03-04,4581,772601.0,31940859.0,40.25,43.0,39.05,41.0,1.05,534.0
2021-03-05,4581,272959.0,11259647.0,40.2,42.4,40.2,41.0,0.0,207.0
2021-03-08,4581,221003.0,8855512.0,41.55,41.8,39.0,39.1,-1.9,180.0
2021-03-09,4581,68025.0,2655927.0,39.0,39.8,38.8,38.8,-0.3,59.0
2021-03-10,4581,54000.0,2123500.0,39.0,39.9,38.5,39.15,0.35,47.0
2021-03-11,4581,34075.0,1336831.0,39.15,39.8,39.0,39.1,-0.05,31.0
2021-03-12,4581,51008.0,1985508.0,39.15,39.4,38.65,38.95,-0.15,43.0
2021-03-15,4581,79006.0,3119202.0,39.1,39.9,39.05,39.8,0.85,62.0
2021-03-16,4581,1251023.0,53801039.0,40.5,43.75,40.5,41.15,1.35,738.0
2021-03-17,4581,214131.0,8626513.0,40.7,41.2,39.95,39.95,-1.2,176.0
2021-03-18,4581,73014.0,2927360.0,40.4,40.5,39.95,40.0,0.05,64.0
2021-03-19,4581,61000.0,2422050.0,39.5,40.05,39.35,39.7,-0.3,53.0
2021-03-22,4581,54000.0,2183550.0,39.75,41.65,39.5,40.8,1.1,48.0
2021-03-23,4581,53108.0,2133578.0,41.0,41.0,39.85,39.85,-0.95,45.0
2021-03-24,4581,33016.0,1312956.0,39.8,39.85,39.7,39.7,-0.15,26.0
2021-03-25,4581,68016.0,2708106.0,39.75,40.4,39.7,40.1,0.4,39.0
2021-03-26,4581,35000.0,1395800.0,40.3,40.3,39.75,39.75,-0.35,31.0
2021-03-29,4581,45000.0,1794100.0,39.75,40.0,39.75,39.75,0.0,29.0
2021-03-30,4581,40001.0,1601241.0,39.75,40.8,39.6,40.35,0.6,34.0
2021-03-31,4581,33000.0,1299500.0,40.35,40.35,38.95,39.65,-0.7,28.0
2021-04-01,4581,51000.0,2026550.0,39.65,40.4,39.4,39.55,-0.1,37.0
2021-04-06,4581,92444.0,3637944.0,39.55,39.55,39.2,39.25,-0.3,58.0
2021-04-07,4581,80000.0,3187600.0,39.6,41.3,39.6,39.85,0.6,57.0
2021-04-08,4581,56198.0,2230418.0,39.85,39.85,39.4,39.5,-0.35,41.0
2021-04-09,4581,31030.0,1216130.0,39.2,39.25,39.1,39.2,-0.3,25.0
2021-04-12,4581,49000.0,1915350.0,39.2,39.35,39.0,39.0,-0.2,36.0
2021-04-13,4581,40000.0,1561550.0,39.05,39.35,39.0,39.0,0.0,31.0
2021-04-14,4581,97000.0,3733150.0,39.1,39.1,38.35,38.4,-0.6,61.0
2021-04-15,4581,55000.0,2139050.0,39.3,39.45,38.45,39.1,0.7,35.0
2021-04-16,4581,20000.0,775950.0,39.0,39.0,38.65,38.8,-0.3,11.0
2021-04-19,4581,26010.0,1009280.0,38.85,39.0,38.7,38.9,0.1,19.0
2021-04-20,4581,31000.0,1218400.0,38.9,39.6,38.9,39.45,0.55,26.0
2021-04-21,4581,124020.0,4953700.0,39.7,40.55,39.7,39.7,0.25,102.0
2021-04-22,4581,67000.0,2678950.0,40.5,40.5,39.45,39.6,-0.1,41.0
2021-04-23,4581,56002.0,2235230.0,39.65,40.35,39.4,39.75,0.15,50.0
2021-04-26,4581,50000.0,1966750.0,39.85,40.0,39.2,39.25,-0.5,34.0
2021-04-27,4581,54000.0,2111450.0,39.25,39.25,38.95,38.95,-0.3,31.0
2021-04-28,4581,35000.0,1358150.0,39.05,39.5,38.5,39.0,0.05,27.0
2021-04-29,4581,17000.0,660350.0,38.8,39.05,38.8,39.05,0.05,14.0
2021-05-03,4581,52111.0,2008837.0,39.1,39.15,38.25,38.25,-0.8,42.0
2021-05-04,4581,186102.0,6818673.0,38.3,38.3,36.2,36.25,-2.0,83.0
2021-05-05,4581,38021.0,1412898.0,36.35,38.0,36.35,37.8,1.55,28.0
2021-05-06,4581,17000.0,632550.0,37.8,37.8,36.7,37.0,-0.8,14.0
2021-05-07,4581,8000.0,294800.0,37.0,37.45,36.55,37.45,0.45,8.0
2021-05-10,4581,6000.0,225800.0,37.5,37.8,37.5,37.8,0.35,5.0
2021-05-11,4581,59000.0,2146050.0,37.0,37.0,34.75,36.75,-1.05,45.0
2021-05-12,4581,46000.0,1651150.0,35.1,37.4,35.1,35.7,-1.05,31.0
2021-05-13,4581,36000.0,1282650.0,35.0,36.05,34.75,35.9,0.2,26.0
2021-05-14,4581,7000.0,259600.0,36.8,37.5,36.8,36.9,1.0,7.0
2021-05-17,4581,44028.0,1561584.0,35.65,36.9,35.3,35.4,-1.5,27.0
2021-05-18,4581,8000.0,287450.0,35.5,36.9,35.4,36.9,1.5,8.0
2021-05-19,4581,14100.0,518574.0,36.6,37.1,36.2,36.4,-0.5,15.0
2021-05-20,4581,4000.0,145600.0,36.4,36.4,36.4,36.4,0.0,3.0
2021-05-21,4581,13000.0,479100.0,36.5,37.4,36.5,37.3,0.9,11.0
2021-05-24,4581,4080.0,153536.0,37.65,37.65,37.6,37.6,0.3,5.0
2021-05-25,4581,4000.0,147200.0,37.7,37.7,36.45,36.6,-1.0,4.0
2021-05-26,4581,24000.0,876800.0,36.5,36.95,36.1,36.95,0.35,14.0
2021-05-27,4581,3000.0,109250.0,36.2,36.55,36.2,36.55,-0.4,3.0
2021-05-28,4581,36000.0,1312150.0,36.6,36.7,36.3,36.3,-0.25,20.0
2021-05-31,4581,21008.0,762286.0,36.3,36.55,36.25,36.25,-0.05,17.0
2021-06-01,4581,16000.0,590450.0,36.5,37.9,36.5,37.9,1.65,13.0
2021-06-02,4581,13000.0,479650.0,37.5,37.5,36.4,36.8,-1.1,13.0
2021-06-03,4581,13006.0,477270.0,36.65,36.95,36.6,36.7,-0.1,9.0
2021-06-04,4581,5000.0,183400.0,36.75,36.75,36.6,36.6,-0.1,4.0
2021-06-07,4581,9000.0,331200.0,36.6,37.5,36.6,36.65,0.05,9.0
2021-06-08,4581,750000.0,27264300.0,36.7,36.7,36.3,36.35,-0.3,13.0
2021-06-09,4581,104567.0,3742567.0,36.1,36.1,35.6,35.85,-0.5,70.0
2021-06-10,4581,331000.0,11884850.0,36.3,36.5,35.85,35.9,0.05,12.0
2021-06-11,4581,28028.0,1039050.0,36.7,37.5,36.7,37.25,1.35,27.0
2021-06-15,4581,13048.0,492613.0,37.8,37.8,37.5,37.5,0.25,13.0
2021-06-16,4581,6073.0,222975.0,36.5,36.85,36.5,36.85,-0.65,7.0
2021-06-17,4581,47002.0,1723924.0,36.55,36.9,36.4,36.8,-0.05,19.0
2021-06-18,4581,7000.0,256200.0,36.55,36.7,36.55,36.7,-0.1,5.0
2021-06-21,4581,80014.0,2865713.0,35.85,36.45,35.7,36.45,-0.25,41.0
2021-06-22,4581,15050.0,541792.0,36.45,36.45,35.8,36.05,-0.4,13.0
2021-06-23,4581,4000.0,144650.0,36.1,36.25,36.1,36.25,0.2,4.0
2021-06-24,4581,3000.0,109900.0,36.45,37.0,36.45,37.0,0.75,3.0
2021-06-25,4581,18001.0,669587.0,37.0,37.4,37.0,37.25,0.25,12.0
2021-06-28,4581,23001.0,857487.0,37.25,37.45,37.15,37.45,0.2,12.0
2021-06-29,4581,18000.0,673200.0,37.7,37.75,37.25,37.5,0.05,8.0
2021-06-30,4581,35000.0,1319300.0,37.75,37.9,37.5,37.5,0.0,18.0
2021-07-01,4581,5043.0,188563.0,37.35,37.4,37.35,37.4,-0.1,7.0
2021-07-02,4581,5000.0,188100.0,37.8,37.8,37.5,37.5,0.1,5.0
2021-07-05,4581,29010.0,1092074.0,37.9,37.9,37.3,37.8,0.3,28.0
2021-07-06,4581,21003.0,788962.0,37.8,37.9,37.4,37.4,-0.4,17.0
2021-07-07,4581,26439.0,998405.0,37.75,38.1,37.45,37.5,0.1,28.0
2021-07-08,4581,22373.0,839532.0,37.5,37.6,37.45,37.5,0.0,24.0
2021-07-09,4581,17000.0,631050.0,37.15,37.6,36.95,37.6,0.1,17.0
2021-07-12,4581,134025.0,5353434.0,38.5,41.35,38.5,39.2,1.6,98.0
2021-07-13,4581,59227.0,2362980.0,39.95,40.7,39.2,39.2,0.0,46.0
2021-07-14,4581,69001.0,2643738.0,39.5,39.5,37.85,38.3,-0.9,65.0
2021-07-15,4581,40000.0,1532750.0,38.3,38.6,38.15,38.25,-0.05,26.0
2021-07-16,4581,61000.0,2310050.0,38.2,38.95,37.45,38.15,-0.1,48.0
2021-07-19,4581,43226.0,1680991.0,38.15,39.5,38.15,39.35,1.2,41.0
2021-07-20,4581,155054.0,6188320.0,39.3,40.5,39.3,40.0,0.65,124.0
2021-07-21,4581,62152.0,2482358.0,40.9,40.9,39.55,39.7,-0.3,51.0
2021-07-22,4581,100219.0,4045548.0,39.75,40.9,39.75,39.95,0.25,78.0
2021-07-23,4581,44011.0,1773742.0,40.05,40.55,40.0,40.1,0.15,36.0
2021-07-26,4581,102370.0,4117049.0,40.85,40.85,39.6,40.0,-0.1,48.0
2021-07-27,4581,15049.0,598052.0,39.8,39.95,39.6,39.65,-0.35,14.0
2021-07-28,4581,22001.0,857339.0,38.65,39.45,38.6,38.8,-0.85,13.0
2021-07-29,4581,18060.0,702280.0,38.5,39.55,38.4,39.1,0.3,16.0
2021-07-30,4581,21000.0,820050.0,39.7,39.7,38.8,38.8,-0.3,18.0
2021-08-02,4581,6000.0,234000.0,38.8,39.8,38.8,38.9,0.1,5.0
2021-08-03,4581,11000.0,428900.0,38.9,39.05,38.9,38.9,0.0,10.0
2021-08-04,4581,10000.0,390000.0,38.95,39.05,38.95,39.0,0.1,8.0
2021-08-05,4581,12000.0,466350.0,39.5,39.5,38.7,38.85,-0.15,12.0
2021-08-06,4581,6025.0,234316.0,39.5,39.5,38.45,38.6,-0.25,7.0
2021-08-09,4581,17188.0,668254.0,38.8,39.0,38.8,38.8,0.2,20.0
2021-08-10,4581,8025.0,311821.0,38.95,38.95,38.8,38.8,0.0,8.0
2021-08-11,4581,127552.0,4737422.0,38.2,38.2,36.7,37.15,-1.65,92.0
2021-08-12,4581,3171.0,118452.0,37.15,37.5,37.15,37.5,0.35,8.0
2021-08-13,4581,13000.0,486050.0,37.5,37.5,37.25,37.25,-0.25,9.0
2021-08-16,4581,39066.0,1425870.0,37.1,37.2,36.0,37.2,-0.05,33.0
2021-08-17,4581,149289.0,5366615.0,37.2,37.2,35.6,35.9,-1.3,85.0
2021-08-18,4581,6010.0,216507.0,35.9,36.2,35.9,36.05,0.15,7.0
2021-08-19,4581,161370.0,5620867.0,35.9,35.9,34.45,34.5,-1.55,118.0
2021-08-20,4581,21300.0,744959.0,35.0,35.15,34.8,35.0,0.5,16.0
2021-08-23,4581,20000.0,708750.0,35.2,35.85,35.2,35.85,0.85,17.0
2021-08-24,4581,37000.0,1319050.0,35.85,36.35,35.4,36.35,0.5,20.0
2021-08-25,4581,12160.0,446615.0,36.8,36.8,36.35,36.7,0.35,12.0
2021-08-26,4581,42000.0,1558200.0,36.0,38.8,36.0,36.8,0.1,29.0
2021-08-27,4581,15010.0,563618.0,37.9,38.0,37.15,37.3,0.5,16.0
2021-08-30,4581,35000.0,1317550.0,37.9,37.9,37.45,37.6,0.3,29.0
2021-08-31,4581,28000.0,1011150.0,37.15,37.15,35.6,36.0,0.0,22.0
2021-09-01,4581,7000.0,253800.0,36.6,36.6,36.0,36.4,0.4,7.0
2021-09-02,4581,9000.0,327600.0,36.4,36.4,36.4,36.4,0.0,8.0
2021-09-03,4581,7000.0,257750.0,37.0,37.0,36.5,36.85,0.45,6.0
2021-09-06,4581,8000.0,291550.0,36.45,36.5,36.3,36.3,-0.55,7.0
2021-09-07,4581,2000.0,72600.0,36.3,36.3,36.3,36.3,0.0,2.0
2021-09-08,4581,28000.0,1016450.0,36.4,36.4,36.25,36.3,0.0,8.0
2021-09-09,4581,17000.0,605450.0,35.2,36.3,35.05,36.3,0.0,14.0
2021-09-10,4581,34354.0,1219244.0,36.4,36.4,35.2,35.5,-0.8,36.0
2021-09-13,4581,54000.0,1896900.0,35.5,35.7,35.0,35.7,0.2,48.0
2021-09-14,4581,5038.0,180918.0,35.5,36.3,35.5,36.3,0.6,7.0
2021-09-15,4581,11658.0,420972.0,36.6,36.6,35.8,36.3,0.0,9.0
2021-09-16,4581,13028.0,469216.0,36.5,36.5,35.85,35.85,-0.45,8.0
2021-09-17,4581,35000.0,1241400.0,35.35,35.6,35.25,35.4,-0.45,15.0
2021-09-22,4581,27000.0,952750.0,35.4,35.4,35.2,35.25,-0.15,11.0
2021-09-23,4581,9000.0,317200.0,35.25,35.5,35.2,35.5,0.25,6.0
2021-09-24,4581,2000.0,70850.0,35.35,35.5,35.35,35.5,0.0,2.0
2021-09-27,4581,27000.0,964300.0,35.5,36.9,35.5,35.5,0.0,24.0
2021-09-28,4581,25000.0,890750.0,36.0,36.0,35.6,35.7,0.2,14.0
2021-09-29,4581,27100.0,949569.0,35.1,35.9,34.55,35.0,-0.7,20.0
2021-09-30,4581,5000.0,176750.0,35.0,35.5,35.0,35.5,0.5,5.0
2021-10-01,4581,23000.0,811500.0,35.5,35.75,35.0,35.2,-0.3,20.0
2021-10-04,4581,25000.0,869950.0,35.1,35.3,34.5,34.8,-0.4,18.0
2021-10-05,4581,33000.0,1158550.0,35.0,35.45,35.0,35.45,0.65,20.0
2021-10-06,4581,16000.0,561250.0,35.0,35.2,35.0,35.2,-0.25,10.0
2021-10-07,4581,26000.0,915900.0,35.0,35.3,35.0,35.3,0.1,16.0
2021-10-08,4581,31000.0,1085100.0,35.05,35.1,34.85,34.85,-0.45,16.0
2021-10-12,4581,8000.0,280650.0,35.1,35.1,35.05,35.05,0.2,7.0
2021-10-13,4581,46000.0,1602050.0,34.95,35.2,34.45,35.0,-0.05,25.0
2021-10-14,4581,13000.0,458100.0,35.3,35.3,35.0,35.0,0.0,10.0
2021-10-15,4581,46000.0,1589700.0,34.65,35.1,34.45,34.5,-0.5,28.0
2021-10-18,4581,29001.0,1000235.0,34.5,34.85,33.95,34.7,0.2,17.0
2021-10-19,4581,10000.0,346250.0,34.6,34.95,34.4,34.95,0.25,10.0
2021-10-20,4581,3000.0,104800.0,34.9,34.95,34.9,34.95,0.0,3.0
2021-10-21,4581,4000.0,140850.0,35.25,35.25,35.2,35.2,0.25,4.0
2021-10-22,4581,3000.0,104900.0,34.8,35.05,34.8,35.05,-0.15,3.0
2021-10-25,4581,17002.0,596570.0,35.1,35.1,35.0,35.0,-0.05,7.0
2021-10-26,4581,22031.0,776235.0,35.25,35.55,35.0,35.55,0.55,14.0
2021-10-27,4581,2000.0,70150.0,35.1,35.1,35.05,35.05,-0.5,2.0
2021-10-28,4581,1000.0,34950.0,34.95,34.95,34.95,34.95,-0.1,1.0
2021-10-29,4581,6000.0,209950.0,34.65,35.3,34.65,35.3,0.35,5.0
2021-11-01,4581,7000.0,247450.0,35.3,35.6,35.05,35.6,0.3,5.0
2021-11-02,4581,10000.0,350200.0,35.1,35.1,35.0,35.05,-0.55,8.0
2021-11-03,4581,2000.0,70350.0,35.0,35.35,35.0,35.35,0.3,2.0
2021-11-04,4581,10000.0,351550.0,35.4,35.4,35.05,35.2,-0.15,6.0
2021-11-05,4581,9000.0,315400.0,35.2,35.2,34.9,34.9,-0.3,7.0
2021-11-08,4581,30046.0,1050370.0,34.85,35.4,34.75,34.95,0.05,15.0
2021-11-09,4581,27033.0,945955.0,35.0,35.0,34.9,34.9,-0.05,8.0
2021-11-10,4581,4163.0,145712.0,35.0,35.1,35.0,35.1,0.2,10.0
2021-11-11,4581,36055.0,1282030.0,35.1,36.0,35.0,36.0,0.9,22.0
2021-11-12,4581,56.0,2043.0,0.0,0.0,0.0,0.0,0.0,3.0
2021-11-15,4581,6004.0,211391.0,35.15,35.5,35.15,35.5,0.0,7.0
2021-11-16,4581,5000.0,177950.0,35.6,35.6,35.55,35.6,0.1,5.0
2021-11-17,4581,2000.0,71200.0,35.6,35.6,35.6,35.6,0.0,2.0
2021-11-18,4581,20000.0,717500.0,35.6,36.0,35.5,35.75,0.15,15.0
2021-11-19,4581,6001.0,214585.0,35.75,35.8,35.75,35.8,0.05,7.0
2021-11-22,4581,6010.0,214302.0,36.1,36.1,35.15,35.7,-0.1,8.0
2021-11-23,4581,10000.0,357600.0,35.7,35.9,35.7,35.9,0.2,6.0
2021-11-24,4581,11098.0,393908.0,35.45,35.5,35.45,35.5,-0.4,4.0
2021-11-25,4581,2000.0,71150.0,35.5,35.65,35.5,35.65,0.15,2.0
2021-11-26,4581,5011.0,178891.0,35.95,35.95,35.5,35.5,-0.15,6.0
2021-11-29,4581,2000.0,70600.0,35.3,35.3,35.3,35.3,-0.2,2.0
2021-11-30,4581,8100.0,287630.0,35.3,36.0,35.3,36.0,0.7,6.0
2021-12-01,4581,7090.0,253726.0,35.9,36.0,35.2,35.2,-0.8,7.0
2021-12-02,4581,5000.0,176000.0,35.2,35.2,35.2,35.2,0.0,4.0
2021-12-03,4581,15000.0,534900.0,35.8,35.8,35.5,35.6,0.4,6.0
2021-12-06,4581,3000.0,107100.0,35.8,35.8,35.6,35.6,0.0,3.0
2021-12-07,4581,5000.0,178100.0,35.6,35.65,35.6,35.6,0.0,5.0
2021-12-08,4581,14150.0,505470.0,35.6,35.8,35.5,35.5,-0.1,12.0
2021-12-09,4581,16000.0,568300.0,35.55,35.55,35.5,35.5,0.0,5.0
2021-12-10,4581,2000.0,71000.0,35.5,35.5,35.5,35.5,0.0,2.0
2021-12-13,4581,4000.0,141700.0,35.45,35.45,35.4,35.4,-0.1,4.0
2021-12-14,4581,6000.0,212400.0,35.4,35.4,35.4,35.4,0.0,3.0
2021-12-15,4581,1000.0,35300.0,35.3,35.3,35.3,35.3,-0.1,1.0
2021-12-16,4581,7000.0,249350.0,35.35,35.95,35.35,35.95,0.65,5.0
2021-12-17,4581,3000.0,105950.0,34.85,35.75,34.85,35.35,-0.6,3.0
2021-12-20,4581,1000.0,35500.0,35.5,35.5,35.5,35.5,0.15,1.0
2021-12-21,4581,2000.0,70900.0,35.5,35.5,35.4,35.4,-0.1,2.0
2021-12-22,4581,4000.0,140700.0,35.4,35.4,35.1,35.1,-0.3,3.0
2021-12-23,4581,2000.0,70250.0,35.15,35.15,35.1,35.1,0.0,2.0
2021-12-24,4581,4000.0,141350.0,35.15,35.55,35.15,35.55,0.45,4.0
2021-12-27,4581,8000.0,284150.0,35.55,35.55,35.45,35.5,-0.05,7.0
2021-12-28,4581,4000.0,140500.0,35.1,35.15,35.1,35.1,-0.4,4.0
2021-12-29,4581,13038.0,459927.0,35.25,35.3,35.25,35.25,0.15,11.0
2021-12-30,4581,7100.0,250075.0,35.25,35.3,35.2,35.3,0.05,8.0
2022-01-03,4581,7031.0,247286.0,35.3,35.3,35.05,35.05,-0.25,9.0
2022-01-04,4581,8099.0,284500.0,35.1,35.2,35.1,35.1,0.05,12.0
2022-01-05,4581,7000.0,245650.0,35.2,35.2,35.05,35.05,-0.05,4.0
2022-01-06,4581,9000.0,315250.0,35.05,35.1,34.8,35.05,0.0,8.0
2022-01-07,4581,9034.0,313990.0,34.75,35.0,34.65,35.0,-0.05,10.0
2022-01-10,4581,2000.0,70200.0,35.1,35.1,35.1,35.1,0.1,2.0
2022-01-11,4581,17412.0,599052.0,34.8,34.8,34.05,34.45,-0.65,17.0
2022-01-12,4581,2018.0,69834.0,34.6,34.6,34.6,34.6,0.15,3.0
2022-01-13,4581,6050.0,208537.0,34.5,34.5,34.45,34.45,-0.15,7.0
2022-01-14,4581,43050.0,1468965.0,34.5,34.5,33.85,34.0,-0.45,30.0
2022-01-17,4581,23019.0,785196.0,34.0,34.4,34.0,34.1,0.1,20.0
2022-01-18,4581,25000.0,853700.0,34.15,34.2,34.05,34.1,0.0,19.0
2022-01-19,4581,24000.0,818500.0,34.1,34.7,34.0,34.7,0.6,15.0
2022-01-20,4581,9000.0,311600.0,34.7,34.85,34.5,34.5,-0.2,6.0
2022-01-21,4581,29034.0,1001457.0,34.6,34.6,34.4,34.45,-0.05,20.0
2022-01-24,4581,3000.0,103050.0,34.35,34.35,34.35,34.35,-0.1,1.0
2022-01-25,4581,13000.0,447950.0,34.35,34.5,34.35,34.5,0.15,12.0
2022-01-26,4581,5000.0,173300.0,34.85,34.85,34.6,34.65,0.15,4.0
2022-02-07,4581,9000.0,312150.0,34.6,34.9,34.6,34.7,0.05,8.0
2022-02-08,4581,21000.0,740550.0,34.8,35.45,34.8,35.45,0.75,9.0
2022-02-09,4581,45000.0,1603100.0,35.7,36.2,35.2,35.25,-0.2,28.0
2022-02-10,4581,8070.0,286126.0,35.5,35.9,35.2,35.9,0.65,11.0
2022-02-11,4581,34150.0,1223641.0,35.9,36.2,35.65,36.0,0.1,15.0
2022-02-14,4581,11054.0,387950.0,35.05,35.1,35.05,35.1,-0.9,4.0
2022-02-15,4581,17056.0,613034.0,35.1,36.1,35.1,36.0,0.9,11.0
2022-02-16,4581,37044.0,1334661.0,36.0,36.4,35.2,36.0,0.0,12.0
2022-02-17,4581,7032.0,252580.0,36.0,36.1,35.65,35.65,-0.35,8.0
2022-02-18,4581,2000.0,71950.0,35.95,36.0,35.95,36.0,0.35,2.0
2022-02-21,4581,2000.0,71900.0,35.95,35.95,35.95,35.95,-0.05,2.0
2022-02-22,4581,1006.0,35272.0,35.05,35.05,35.05,35.05,-0.9,3.0
2022-02-23,4581,1000.0,36400.0,36.4,36.4,36.4,36.4,1.35,1.0
2022-02-24,4581,1000.0,36250.0,36.25,36.25,36.25,36.25,-0.15,1.0
2022-02-25,4581,0.0,0.0,0.0,0.0,0.0,0.0,0.0,0.0
2022-03-01,4581,10000.0,357800.0,35.05,36.2,35.05,36.2,0.0,9.0
2022-03-02,4581,1000.0,36300.0,36.3,36.3,36.3,36.3,0.1,1.0
2022-03-03,4581,2030.0,71488.0,35.2,35.2,35.2,35.2,-1.1,4.0
2022-03-04,4581,3022.0,106774.0,35.2,35.55,35.2,35.55,0.35,4.0
2022-03-07,4581,1104.0,39191.0,35.5,35.5,35.5,35.5,-0.05,4.0
2022-03-08,4581,14000.0,490100.0,35.1,35.6,34.55,35.0,-0.5,9.0
2022-03-09,4581,6000.0,209550.0,35.0,35.0,34.55,34.55,-0.45,6.0
2022-03-10,4581,5000.0,174650.0,34.9,35.0,34.9,35.0,0.45,5.0
2022-03-11,4581,3000.0,105200.0,35.0,35.1,35.0,35.1,0.1,3.0
2022-03-14,4581,1000.0,35200.0,35.2,35.2,35.2,35.2,0.1,1.0
2022-03-15,4581,0.0,0.0,0.0,0.0,0.0,0.0,0.0,0.0
2022-03-16,4581,4000.0,140100.0,35.15,35.15,34.8,35.1,0.0,4.0
2022-03-17,4581,1000.0,35150.0,35.15,35.15,35.15,35.15,0.05,1.0
2022-03-18,4581,1000.0,35200.0,35.2,35.2,35.2,35.2,0.05,1.0
2022-03-21,4581,2000.0,70000.0,35.0,35.0,35.0,35.0,-0.2,2.0
2022-03-22,4581,10000.0,350050.0,35.05,35.05,35.0,35.0,0.0,8.0
2022-03-23,4581,6000.0,210500.0,35.05,35.2,35.05,35.2,0.2,6.0
2022-03-24,4581,1000.0,35850.0,35.85,35.85,35.85,35.85,0.65,1.0
2022-03-25,4581,8000.0,283700.0,35.5,35.5,35.4,35.4,-0.45,8.0
2022-03-28,4581,11002.0,384820.0,35.3,35.3,34.9,34.95,-0.45,11.0
2022-03-29,4581,5021.0,174787.0,34.85,34.85,34.8,34.8,-0.15,7.0
2022-03-30,4581,8000.0,283200.0,35.5,35.5,35.15,35.4,0.6,7.0
2022-03-31,4581,3008.0,105580.0,35.1,35.1,35.1,35.1,-0.3,6.0
2022-04-01,4581,6037.0,215448.0,35.85,36.0,35.2,35.2,0.1,7.0
2022-04-06,4581,2000.0,70400.0,35.0,35.4,35.0,35.4,0.2,2.0
2022-04-07,4581,21000.0,744150.0,35.4,35.55,35.05,35.05,-0.35,10.0
2022-04-08,4581,8000.0,280500.0,35.0,35.3,35.0,35.0,-0.05,6.0
2022-04-11,4581,4000.0,139950.0,35.0,35.0,34.95,34.95,-0.05,4.0
2022-04-12,4581,3000.0,104700.0,34.9,34.9,34.9,34.9,-0.05,3.0
2022-04-13,4581,10000.0,349850.0,34.9,35.15,34.85,35.15,0.25,9.0
2022-04-14,4581,2000.0,70200.0,35.0,35.2,35.0,35.2,0.05,2.0
2022-04-15,4581,1000.0,35250.0,35.25,35.25,35.25,35.25,0.05,1.0
2022-04-18,4581,19000.0,664900.0,35.25,35.25,34.5,35.2,-0.05,18.0
2022-04-19,4581,2000.0,70500.0,35.25,35.25,35.25,35.25,0.05,2.0
2022-04-20,4581,3000.0,105250.0,35.0,35.25,35.0,35.25,0.0,3.0
2022-04-21,4581,4000.0,139900.0,35.0,35.0,34.9,35.0,-0.25,4.0
2022-04-22,4581,2002.0,69770.0,34.9,34.9,34.8,34.8,-0.2,3.0
2022-04-25,4581,3001.0,104435.0,34.8,34.8,34.8,34.8,0.0,4.0
2022-04-26,4581,4000.0,139100.0,34.8,34.8,34.7,34.7,-0.1,4.0
2022-04-27,4581,2001.0,70135.0,34.5,35.6,34.5,35.6,0.9,3.0
2022-04-28,4581,7000.0,242350.0,35.0,35.0,34.5,34.5,-1.1,7.0
2022-04-29,4581,3000.0,103250.0,34.5,34.5,34.35,34.35,-0.15,3.0
2022-05-03,4581,2000.0,69350.0,33.9,35.45,33.9,35.45,1.1,2.0
2022-05-04,4581,2000.0,68350.0,34.2,34.2,34.15,34.15,-1.3,2.0
2022-05-05,4581,0.0,0.0,0.0,0.0,0.0,0.0,0.0,0.0
2022-05-06,4581,2000.0,68750.0,33.9,34.85,33.9,34.85,0.0,2.0
2022-05-09,4581,24050.0,809250.0,33.9,33.9,33.5,33.5,-1.35,14.0
2022-05-10,4581,4000.0,132950.0,33.3,33.3,33.2,33.2,-0.3,3.0
2022-05-11,4581,10002.0,331565.0,33.3,34.2,32.5,32.5,-0.7,11.0
2022-05-12,4581,47122.0,1440490.0,31.4,32.2,30.0,30.7,-1.8,36.0
2022-05-13,4581,58074.0,1757850.0,31.0,31.1,29.9,30.0,-0.7,59.0
2022-05-16,4581,13080.0,393411.0,30.0,30.4,30.0,30.35,0.35,13.0
2022-05-17,4581,9000.0,271150.0,29.75,30.3,29.75,30.0,-0.35,9.0
2022-05-18,4581,10120.0,306080.0,30.05,30.95,30.0,30.55,0.55,10.0
2022-05-19,4581,16000.0,494500.0,30.9,31.0,30.9,31.0,0.45,6.0
2022-05-20,4581,7030.0,222430.0,31.85,31.9,31.05,31.05,0.05,9.0
2022-05-23,4581,7000.0,221550.0,31.85,31.85,31.5,31.5,0.45,7.0
2022-05-24,4581,6000.0,189750.0,31.8,31.8,31.5,31.5,0.0,6.0
2022-05-25,4581,3020.0,95230.0,31.55,31.55,31.5,31.5,0.0,4.0
2022-05-26,4581,10000.0,311100.0,31.2,32.35,30.85,32.35,0.85,7.0
2022-05-27,4581,3004.0,97379.0,32.45,32.45,32.4,32.4,0.05,4.0
2022-05-30,4581,11000.0,351850.0,32.85,32.9,31.55,31.55,-0.85,9.0
2022-05-31,4581,1000.0,31700.0,31.7,31.7,31.7,31.7,0.15,1.0
2022-06-01,4581,7024.0,221156.0,31.7,31.7,31.2,31.2,-0.5,8.0
2022-06-02,4581,1000.0,32100.0,32.1,32.1,32.1,32.1,0.9,1.0
2022-06-06,4581,6000.0,187300.0,31.25,31.25,31.2,31.2,-0.9,6.0
2022-06-07,4581,4000.0,124400.0,31.1,31.1,31.1,31.1,-0.1,4.0
2022-06-08,4581,6000.0,186950.0,31.2,31.2,31.05,31.05,-0.05,5.0
2022-06-09,4581,31000.0,942600.0,31.05,31.05,30.1,30.35,-0.7,25.0
2022-06-10,4581,14013.0,427045.0,30.15,30.95,30.15,30.95,0.6,13.0
2022-06-13,4581,4000.0,121800.0,30.95,30.95,30.25,30.25,-0.7,4.0
2022-06-14,4581,8033.0,244290.0,30.25,31.1,30.1,31.1,0.85,9.0
2022-06-15,4581,9324.0,290385.0,30.95,31.55,30.95,31.55,0.45,11.0
2022-06-16,4581,13.0,410.0,0.0,0.0,0.0,0.0,0.0,1.0
2022-06-17,4581,1002.0,31518.0,31.45,31.45,31.45,31.45,0.0,3.0
2022-06-20,4581,15000.0,458050.0,31.45,31.45,30.1,30.1,-1.35,12.0
2022-06-21,4581,2000.0,60200.0,30.1,30.1,30.1,30.1,0.0,2.0
2022-06-22,4581,1000.0,30250.0,30.25,30.25,30.25,30.25,0.15,1.0
2022-06-23,4581,1000.0,30300.0,30.3,30.3,30.3,30.3,0.05,1.0
2022-06-24,4581,10000.0,303300.0,30.4,30.85,30.15,30.85,0.55,8.0
2022-06-27,4581,11226.0,346528.0,31.6,31.6,30.25,30.25,-0.6,11.0
2022-06-28,4581,2000.0,60600.0,30.3,30.3,30.3,30.3,0.05,1.0
2022-06-29,4581,9000.0,277950.0,32.35,32.35,30.3,30.7,0.4,8.0
2022-06-30,4581,9001.0,272430.0,30.05,30.65,30.05,30.3,-0.4,7.0
2022-07-01,4581,12226.0,381957.0,31.35,31.35,31.1,31.1,0.8,13.0
2022-07-04,4581,5000.0,155550.0,31.05,31.35,31.05,31.35,0.25,4.0
2022-07-05,4581,4000.0,124850.0,31.5,31.5,30.4,30.4,-0.95,4.0
2022-07-06,4581,3008.0,90892.0,30.25,30.25,30.2,30.2,-0.2,4.0
2022-07-07,4581,6000.0,182550.0,30.1,31.1,30.05,31.1,0.9,4.0
2022-07-08,4581,13000.0,406000.0,31.05,31.35,31.05,31.35,0.25,10.0
2022-07-11,4581,8000.0,250500.0,31.35,31.35,31.3,31.3,-0.05,6.0
2022-07-12,4581,7000.0,215600.0,30.8,30.8,30.8,30.8,-0.5,6.0
2022-07-13,4581,6000.0,185200.0,31.0,31.0,30.8,30.8,0.0,2.0
2022-07-14,4581,1000.0,30800.0,30.8,30.8,30.8,30.8,0.0,1.0
2022-07-15,4581,12000.0,370600.0,30.8,31.0,30.8,31.0,0.2,8.0
2022-07-18,4581,3000.0,91750.0,30.55,30.6,30.55,30.6,-0.4,3.0
2022-07-19,4581,7544.0,240582.0,31.95,32.0,31.95,32.0,1.4,20.0
2022-07-20,4581,6000.0,191100.0,32.0,32.0,31.25,31.85,-0.15,4.0
2022-07-21,4581,15000.0,474900.0,31.95,31.95,31.2,31.5,0.0,10.0
2022-07-22,4581,16000.0,511150.0,31.9,32.0,31.9,31.95,0.45,10.0
2022-07-25,4581,3000.0,96050.0,32.0,32.05,32.0,32.05,0.1,2.0
2022-07-26,4581,10000.0,324100.0,32.5,32.6,32.3,32.6,0.55,7.0
2022-07-27,4581,1000.0,32800.0,32.8,32.8,32.8,32.8,0.2,1.0
2022-07-28,4581,5219.0,168102.0,32.3,32.75,31.4,31.4,-1.4,6.0
2022-07-29,4581,2219.0,70766.0,32.45,32.45,31.45,31.45,0.05,5.0
2022-08-01,4581,2000.0,64800.0,32.8,32.8,32.0,32.0,0.55,2.0
2022-08-02,4581,2000.0,64000.0,32.0,32.0,32.0,32.0,0.0,1.0
2022-08-03,4581,1000.0,32950.0,32.95,32.95,32.95,32.95,0.95,1.0
2022-08-04,4581,1002.0,32065.0,32.0,32.0,32.0,32.0,-0.95,2.0
2022-08-05,4581,1002.0,32364.0,32.3,32.3,32.3,32.3,0.3,2.0
2022-08-08,4581,2002.0,64264.0,32.1,32.1,32.1,32.1,-0.2,3.0
2022-08-09,4581,3000.0,91800.0,30.6,30.6,30.6,30.6,-1.5,3.0
2022-08-10,4581,1000.0,30850.0,30.85,30.85,30.85,30.85,0.25,1.0
2022-08-11,4581,1000.0,30900.0,30.9,30.9,30.9,30.9,0.05,1.0
2022-08-12,4581,2002.0,62059.0,31.0,31.0,31.0,31.0,0.1,3.0
2022-08-15,4581,2000.0,63600.0,31.8,31.8,31.8,31.8,0.8,2.0
2022-08-16,4581,2030.0,64110.0,31.25,31.9,31.25,31.9,0.1,4.0
2022-08-17,4581,4000.0,127200.0,31.9,31.9,31.5,31.9,0.0,4.0
2022-08-18,4581,0.0,0.0,0.0,0.0,0.0,0.0,0.0,0.0
2022-08-19,4581,1000.0,31950.0,31.95,31.95,31.95,31.95,0.0,1.0
2022-08-22,4581,1060.0,33920.0,32.0,32.0,32.0,32.0,0.05,2.0
2022-08-23,4581,4993.0,155090.0,32.0,32.0,31.1,31.1,-0.9,6.0
2022-08-24,4581,5000.0,157850.0,31.2,32.0,31.2,31.35,0.25,5.0
2022-08-25,4581,6000.0,192950.0,31.35,32.75,31.35,32.3,0.95,6.0
2022-08-26,4581,16000.0,521800.0,32.55,32.95,31.95,31.95,-0.35,14.0
2022-08-29,4581,5000.0,159200.0,32.0,32.0,31.65,31.65,-0.3,5.0
2022-08-30,4581,11000.0,350850.0,31.65,32.55,31.65,32.55,0.9,7.0
2022-08-31,4581,5144.0,165921.0,32.15,32.4,32.15,32.15,-0.4,8.0
2022-09-01,4581,5000.0,158100.0,31.8,31.8,31.55,31.6,-0.55,5.0
2022-09-02,4581,0.0,0.0,0.0,0.0,0.0,0.0,0.0,0.0
2022-09-05,4581,16000.0,500350.0,31.6,31.6,30.9,31.0,0.0,12.0
2022-09-06,4581,7064.0,220851.0,31.0,31.5,31.0,31.0,0.0,7.0
2022-09-07,4581,5000.0,155900.0,31.05,31.25,31.05,31.2,0.2,4.0
2022-09-08,4581,2000.0,62800.0,31.35,31.45,31.35,31.45,0.25,2.0
2022-09-12,4581,3187.0,103080.0,32.8,32.8,32.15,32.15,0.7,5.0
2022-09-13,4581,14040.0,449588.0,32.0,32.2,31.85,31.9,-0.25,15.0
2022-09-14,4581,21000.0,675800.0,31.55,32.8,31.55,32.8,0.9,12.0
2022-09-15,4581,64000.0,2203550.0,33.0,35.85,33.0,34.25,1.45,55.0
2022-09-16,4581,8000.0,275150.0,34.2,34.55,34.2,34.3,0.05,8.0
2022-09-19,4581,20004.0,674986.0,34.35,34.35,33.4,33.55,-0.75,18.0
2022-09-20,4581,37000.0,1291300.0,33.65,35.35,33.65,35.25,1.7,28.0
2022-09-21,4581,28040.0,948207.0,35.3,35.3,33.15,33.2,-2.05,31.0
2022-09-22,4581,9000.0,302100.0,33.35,33.8,33.35,33.65,0.45,9.0
2022-09-23,4581,11000.0,360950.0,32.9,33.3,32.6,32.65,-1.0,11.0
2022-09-26,4581,8000.0,261050.0,32.65,32.65,32.5,32.5,-0.15,6.0
2022-09-27,4581,3000.0,97500.0,32.5,32.5,32.5,32.5,0.0,2.0
2022-09-28,4581,10000.0,324300.0,33.7,33.7,32.0,32.0,-0.5,7.0
2022-09-29,4581,9061.0,285432.0,31.4,32.1,31.4,32.1,0.1,10.0
2022-09-30,4581,1000.0,32100.0,32.1,32.1,32.1,32.1,0.0,1.0
2022-10-03,4581,2000.0,64100.0,32.1,32.1,32.0,32.0,-0.1,2.0
2022-10-04,4581,1000.0,32150.0,32.15,32.15,32.15,32.15,0.15,1.0
2022-10-05,4581,11000.0,353100.0,32.05,33.4,31.8,33.4,1.25,8.0
2022-10-06,4581,4011.0,128955.0,32.5,32.5,32.0,32.0,-1.4,4.0
2022-10-07,4581,3000.0,96900.0,32.8,32.8,32.0,32.0,0.0,3.0
2022-10-11,4581,8000.0,252500.0,32.0,32.0,31.4,31.5,-0.5,6.0
2022-10-12,4581,16016.0,488092.0,31.0,31.4,30.2,30.5,-1.0,16.0
2022-10-13,4581,12000.0,366850.0,30.35,31.5,30.35,31.5,1.0,9.0
2022-10-14,4581,2000.0,64150.0,31.95,32.2,31.95,32.2,0.7,2.0
2022-10-17,4581,0.0,0.0,0.0,0.0,0.0,0.0,0.0,0.0
2022-10-18,4581,9000.0,287700.0,31.95,32.0,31.95,31.95,0.0,9.0
2022-10-19,4581,2000.0,63600.0,31.8,31.8,31.8,31.8,-0.15,1.0
2022-10-20,4581,7001.0,220482.0,31.55,31.55,31.25,31.25,-0.55,7.0
2022-10-21,4581,1000.0,31950.0,31.95,31.95,31.95,31.95,0.7,1.0
2022-10-24,4581,9001.0,278130.0,30.55,31.0,30.55,31.0,-0.95,9.0
2022-10-25,4581,13010.0,403312.0,31.0,31.0,31.0,31.0,0.0,7.0
2022-10-26,4581,5000.0,156100.0,31.05,31.5,31.0,31.5,0.5,5.0
2022-10-27,4581,1000.0,31500.0,31.5,31.5,31.5,31.5,0.0,1.0
2022-10-28,4581,8001.0,252081.0,31.5,31.55,31.5,31.55,0.05,6.0
2022-10-31,4581,4020.0,126634.0,31.5,31.5,31.5,31.5,-0.05,7.0
2022-11-01,4581,6000.0,189000.0,31.5,31.5,31.5,31.5,0.0,3.0
2022-11-02,4581,4000.0,126000.0,31.5,31.5,31.5,31.5,0.0,3.0
2022-11-03,4581,11000.0,346500.0,31.5,31.5,31.5,31.5,0.0,8.0
2022-11-04,4581,7000.0,220200.0,31.5,31.5,31.4,31.4,-0.1,6.0
2022-11-07,4581,9000.0,282800.0,31.45,31.45,31.4,31.4,0.0,5.0
2022-11-08,4581,0.0,0.0,0.0,0.0,0.0,0.0,0.0,0.0
2022-11-09,4581,3000.0,94200.0,31.4,31.4,31.4,31.4,0.0,2.0
2022-11-10,4581,5000.0,157050.0,31.05,31.5,31.05,31.5,0.1,5.0
2022-11-11,4581,7000.0,221250.0,31.6,31.9,31.5,31.9,0.4,7.0
2022-11-14,4581,21000.0,687250.0,31.95,33.4,31.95,33.25,1.35,8.0
2022-11-15,4581,9030.0,302761.0,34.0,34.0,33.0,33.25,0.0,9.0
2022-11-16,4581,0.0,0.0,0.0,0.0,0.0,0.0,0.0,0.0
2022-11-17,4581,8000.0,261100.0,32.5,33.0,32.05,33.0,0.0,7.0
2022-11-18,4581,0.0,0.0,0.0,0.0,0.0,0.0,0.0,0.0
2022-11-21,4581,0.0,0.0,0.0,0.0,0.0,0.0,0.0,0.0
2022-11-22,4581,1010.0,33282.0,32.95,32.95,32.95,32.95,0.0,2.0
2022-11-23,4581,3011.0,97263.0,32.25,32.4,32.25,32.4,-0.55,6.0
2022-11-24,4581,22000.0,723850.0,32.3,33.8,32.3,32.85,0.45,12.0
2022-11-25,4581,9016.0,291570.0,32.65,32.65,31.6,32.55,-0.3,9.0
2022-11-28,4581,2000.0,65100.0,32.5,32.6,32.5,32.6,0.05,2.0
2022-11-29,4581,7000.0,228250.0,32.6,32.65,32.6,32.65,0.05,4.0
2022-11-30,4581,5000.0,163250.0,32.65,32.65,32.65,32.65,0.0,5.0
2022-12-01,4581,8000.0,260850.0,32.65,32.9,32.15,32.9,0.25,5.0
2022-12-02,4581,11000.0,365500.0,33.6,33.6,32.9,33.25,0.35,10.0
2022-12-05,4581,7000.0,233100.0,33.3,33.3,33.3,33.3,0.05,5.0
2022-12-06,4581,3030.0,100602.0,33.3,33.3,33.15,33.15,-0.15,6.0
2022-12-07,4581,3000.0,99950.0,33.3,33.35,33.3,33.3,0.15,3.0
2022-12-08,4581,1000.0,33300.0,33.3,33.3,33.3,33.3,0.0,1.0
2022-12-09,4581,2000.0,66850.0,33.3,33.55,33.3,33.55,0.25,2.0
2022-12-12,4581,78030.0,2797266.0,35.5,36.45,34.8,34.8,1.25,68.0
2022-12-13,4581,25005.0,874076.0,34.95,35.6,34.7,34.7,-0.1,24.0
2022-12-14,4581,27000.0,957000.0,35.6,35.6,34.95,35.6,0.9,13.0
2022-12-15,4581,19079.0,670560.0,35.05,35.8,34.9,35.65,0.05,16.0
2022-12-16,4581,5104.0,181165.0,35.55,35.6,35.1,35.1,-0.55,8.0
2022-12-19,4581,2000.0,70650.0,35.55,35.55,35.1,35.1,0.0,2.0
2022-12-20,4581,5000.0,177200.0,35.7,35.7,35.1,35.6,0.5,4.0
2022-12-21,4581,3021.0,106448.0,34.5,35.6,34.5,35.6,0.0,5.0
2022-12-22,4581,2021.0,71202.0,34.9,35.55,34.9,35.55,-0.05,3.0
2022-12-23,4581,1100.0,39110.0,35.55,35.55,35.55,35.55,0.0,2.0
2022-12-26,4581,8142.0,283811.0,35.55,35.55,34.5,35.35,-0.2,9.0
2022-12-27,4581,1000.0,35400.0,35.4,35.4,35.4,35.4,0.05,1.0
2022-12-28,4581,1000.0,35400.0,35.4,35.4,35.4,35.4,0.0,1.0
2022-12-29,4581,9000.0,317350.0,34.1,35.6,34.1,35.6,0.2,8.0
2022-12-30,4581,15030.0,535418.0,36.1,36.1,35.3,35.75,0.15,14.0
2023-01-03,4581,7003.0,250006.0,35.7,35.7,35.7,35.7,-0.05,6.0
2023-01-04,4581,15032.0,521006.0,34.5,35.0,34.3,35.0,-0.7,16.0
2023-01-05,4581,15000.0,528750.0,36.15,36.15,34.6,35.5,0.5,15.0
2023-01-06,4581,24034.0,816307.0,34.45,34.65,33.5,34.05,-1.45,25.0
2023-01-09,4581,20000.0,682050.0,34.55,34.6,33.85,34.15,0.1,16.0
2023-01-10,4581,3000.0,102450.0,34.15,34.15,34.15,34.15,0.0,3.0
2023-01-11,4581,6000.0,203450.0,34.2,34.35,33.3,34.35,0.2,5.0
2023-01-12,4581,14000.0,474450.0,34.1,34.25,33.7,34.25,-0.1,9.0
2023-01-13,4581,13000.0,446500.0,33.65,34.5,33.65,34.45,0.2,7.0
2023-01-16,4581,2000.0,68500.0,34.15,34.35,34.15,34.35,-0.1,2.0
2023-01-17,4581,7000.0,241200.0,34.9,34.9,33.65,34.8,0.45,5.0
2023-01-30,4581,2207.0,77406.0,34.8,35.4,34.8,35.4,0.6,9.0
2023-01-31,4581,6005.0,208873.0,35.35,35.35,34.3,35.2,-0.2,6.0
2023-02-01,4581,2005.0,71429.0,35.65,35.65,35.6,35.6,0.4,3.0
2023-02-02,4581,14339.0,505421.0,35.5,35.5,35.0,35.4,-0.2,13.0
2023-02-03,4581,6000.0,209750.0,35.0,35.0,34.75,34.75,-0.65,4.0
2023-02-06,4581,16000.0,560700.0,35.85,35.85,34.75,35.2,0.45,11.0
2023-02-07,4581,31150.0,1106630.0,35.2,36.0,35.2,35.95,0.75,24.0
2023-02-08,4581,743108.0,29208151.0,36.15,39.5,36.15,39.5,3.55,481.0
2023-02-09,4581,378096.0,14691993.0,39.5,39.9,38.1,38.15,-1.35,275.0
2023-02-10,4581,301258.0,11836434.0,39.05,40.15,38.5,38.6,0.45,241.0
2023-02-13,4581,286520.0,11603414.0,39.2,41.8,39.0,40.2,1.6,240.0
2023-02-14,4581,132320.0,5302359.0,39.9,40.9,39.9,39.95,-0.25,96.0
2023-02-15,4581,136094.0,5390255.0,39.7,40.3,39.1,39.95,0.0,109.0
2023-02-16,4581,66250.0,2655361.0,39.95,40.45,39.65,39.7,-0.25,59.0
2023-02-17,4581,103061.0,4192020.0,39.5,41.5,38.65,40.8,1.1,83.0
2023-02-20,4581,105701.0,4411619.0,40.4,42.05,40.4,41.9,1.1,96.0
2023-02-21,4581,39232.0,1626404.0,41.1,41.85,41.1,41.7,-0.2,35.0
2023-02-22,4581,48100.0,1981920.0,41.0,41.7,40.9,41.35,-0.35,36.0
2023-02-23,4581,28219.0,1172710.0,41.5,41.65,41.3,41.3,-0.05,30.0
2023-02-24,4581,27145.0,1114195.0,41.3,41.4,40.85,41.0,-0.3,24.0
2023-03-01,4581,14006.0,571696.0,40.8,40.95,40.6,40.8,-0.2,18.0
2023-03-02,4581,33000.0,1337200.0,40.8,41.0,40.15,40.25,-0.55,21.0
2023-03-03,4581,57012.0,2277430.0,40.25,40.25,39.75,40.0,-0.25,53.0
2023-03-06,4581,47012.0,1881480.0,40.0,41.2,39.95,39.95,-0.05,37.0
2023-03-07,4581,17000.0,691650.0,40.2,41.3,40.2,40.45,0.5,12.0
2023-03-08,4581,12021.0,486009.0,40.05,40.85,40.05,40.3,-0.15,21.0
2023-03-09,4581,32001.0,1289439.0,40.1,40.7,40.1,40.3,0.0,21.0
2023-03-10,4581,39000.0,1574050.0,40.15,40.7,40.15,40.6,0.3,29.0
2023-03-13,4581,477210.0,20618963.0,43.3,44.65,41.0,43.15,2.55,353.0
2023-03-14,4581,120183.0,5068241.0,43.0,43.05,41.0,41.9,-1.25,87.0
2023-03-15,4581,65886.0,2741185.0,41.8,42.0,41.45,41.55,-0.35,51.0
2023-03-16,4581,128409.0,5161044.0,41.0,41.1,39.65,39.65,-1.9,113.0
2023-03-17,4581,80300.0,3225815.0,39.7,40.9,39.65,40.3,0.65,68.0
2023-03-20,4581,12105.0,492430.0,40.5,41.25,40.3,41.0,0.7,15.0
2023-03-21,4581,26404.0,1098674.0,41.8,41.95,41.3,41.6,0.6,27.0
2023-03-22,4581,28151.0,1181120.0,41.9,42.2,41.65,41.7,0.1,29.0
2023-03-23,4581,29032.0,1214833.0,41.7,42.0,41.7,41.9,0.2,25.0
2023-03-24,4581,49184.0,2074735.0,42.2,42.75,41.7,42.55,0.65,45.0
2023-03-27,4581,93512.0,4027526.0,43.0,44.05,42.3,43.0,0.45,87.0
2023-03-28,4581,47229.0,2038866.0,43.2,43.85,42.5,42.7,-0.3,49.0
2023-03-29,4581,19000.0,817550.0,43.7,43.7,42.75,42.9,0.2,16.0
2023-03-30,4581,113025.0,4946226.0,43.75,44.45,43.05,44.0,1.1,76.0
2023-03-31,4581,72050.0,3193052.0,43.05,44.9,43.05,44.35,0.35,50.0
2023-04-06,4581,221536.0,10438313.0,43.35,48.5,43.35,47.35,3.0,165.0
2023-04-07,4581,141404.0,6805130.0,47.45,49.3,46.25,47.95,0.6,145.0
2023-04-10,4581,727857.0,37174738.0,48.9,52.7,48.2,48.8,0.85,501.0
2023-04-11,4581,234053.0,11305166.0,47.5,49.35,47.5,48.9,0.1,213.0
2023-04-12,4581,261335.0,13392912.0,49.0,52.4,49.0,52.4,3.5,228.0
2023-04-13,4581,324102.0,17352845.0,54.8,54.9,52.8,53.1,0.7,269.0
2023-04-14,4581,114740.0,6032128.0,53.1,53.3,52.1,52.2,-0.9,117.0
2023-04-17,4581,97185.0,5125295.0,52.2,54.0,52.2,52.7,0.5,85.0
2023-04-18,4581,219490.0,11777113.0,53.6,54.9,52.2,52.6,-0.1,180.0
2023-04-19,4581,145320.0,7653866.0,52.6,53.8,51.2,51.2,-1.4,121.0
2023-04-20,4581,213245.0,10671983.0,51.4,51.6,49.3,49.35,-1.85,166.0
2023-04-21,4581,166326.0,8001526.0,50.3,50.3,47.1,47.85,-1.5,134.0
2023-04-24,4581,187187.0,8924988.0,47.65,49.95,46.9,48.8,0.95,134.0
2023-04-25,4581,41031.0,1995051.0,48.8,49.45,48.1,48.85,0.05,42.0
2023-04-26,4581,705533.0,37354643.0,48.6,53.7,48.6,53.7,4.85,514.0
2023-04-27,4581,1954198.0,113446091.0,57.0,59.0,55.0,59.0,5.3,1352.0
2023-04-28,4581,1163572.0,68742907.0,59.0,61.0,56.8,60.3,1.3,1014.0
2023-05-02,4581,869977.0,52578625.0,60.5,64.0,58.9,59.5,-0.8,801.0
2023-05-03,4581,578855.0,33267636.0,58.8,59.8,56.0,56.1,-3.4,466.0
2023-05-04,4581,325089.0,18700900.0,56.4,58.5,56.2,57.9,1.8,296.0
2023-05-05,4581,272573.0,15479537.0,58.3,59.0,55.2,56.2,-1.7,255.0
2023-05-08,4581,125300.0,7062255.0,57.3,57.3,55.8,56.4,0.2,113.0
2023-05-09,4581,156412.0,8690002.0,57.0,57.0,54.6,55.0,-1.4,136.0
2023-05-10,4581,442286.0,25557005.0,54.5,59.4,54.5,59.3,4.3,397.0
2023-05-11,4581,589799.0,34341710.0,60.7,60.7,56.5,57.4,-1.9,487.0
2023-05-12,4581,1223880.0,73494825.0,57.6,63.0,57.3,58.2,0.8,1001.0
2023-05-15,4581,1223813.0,75407640.0,58.3,63.2,58.3,63.1,4.9,987.0
2023-05-16,4581,2639838.0,173611515.0,63.8,69.4,62.5,62.5,-0.6,2121.0
2023-05-17,4581,2201382.0,145108466.0,63.9,68.3,63.9,68.3,5.8,1678.0
2023-05-18,4581,1232668.0,82563414.0,68.4,68.9,65.5,66.9,-1.4,1108.0
2023-05-19,4581,445412.0,29487802.0,67.2,67.5,65.5,65.7,-1.2,434.0
2023-05-22,4581,359196.0,23340161.0,65.2,65.7,64.3,65.3,-0.4,320.0
2023-05-23,4581,607933.0,40512051.0,65.0,68.0,64.8,65.9,0.6,485.0
2023-05-24,4581,245828.0,15980923.0,65.6,65.7,64.7,65.0,-0.9,204.0
2023-05-25,4581,258951.0,16638291.0,66.6,66.6,63.5,63.7,-1.3,220.0
2023-05-26,4581,490259.0,30785828.0,63.8,64.6,61.6,62.2,-1.5,335.0
2023-05-29,4581,455731.0,29273357.0,62.2,65.6,62.2,64.5,2.3,334.0
2023-05-30,4581,317668.0,20029974.0,64.5,64.7,62.0,62.9,-1.6,288.0
2023-05-31,4581,358527.0,22789989.0,62.9,65.3,62.0,65.3,2.4,272.0
2023-06-01,4581,149364.0,9626110.0,65.1,65.1,63.8,64.7,-0.6,134.0
2023-06-02,4581,290181.0,18821982.0,64.7,66.7,63.6,63.6,-1.1,238.0
2023-06-05,4581,335539.0,21677179.0,64.5,65.6,62.8,65.5,1.9,264.0
2023-06-06,4581,283369.0,18225185.0,65.6,66.5,63.5,64.0,-1.5,223.0
2023-06-07,4581,354304.0,23135876.0,63.8,66.2,63.6,65.1,1.1,264.0
2023-06-08,4581,230598.0,14921735.0,65.7,66.1,63.9,64.0,-1.1,177.0
2023-06-09,4581,273182.0,17379390.0,64.2,65.2,62.5,64.6,0.6,224.0
2023-06-12,4581,601673.0,37709118.0,63.3,64.1,61.6,62.6,-2.0,492.0
2023-06-13,4581,296279.0,18528135.0,63.7,63.7,61.7,63.2,0.6,250.0
2023-06-14,4581,1176742.0,78787405.0,63.3,69.0,63.3,68.2,5.0,814.0
2023-06-15,4581,852402.0,58119047.0,68.5,69.5,66.0,68.0,-0.2,706.0
2023-06-16,4581,317204.0,21324578.0,69.0,69.0,66.4,66.4,-1.6,271.0
2023-06-19,4581,386312.0,24913642.0,66.4,66.8,63.5,64.1,-2.3,423.0
2023-06-20,4581,189067.0,12088746.0,64.2,65.0,63.2,64.9,0.8,191.0
2023-06-21,4581,1599660.0,111649400.0,64.8,71.3,64.7,71.3,6.4,1129.0
2023-06-26,4581,1083209.0,73371458.0,71.2,71.2,65.6,65.6,-5.7,1008.0
2023-06-27,4581,477375.0,30461418.0,65.6,65.7,62.7,63.3,-2.3,453.0
2023-06-28,4581,252322.0,16104721.0,63.7,65.2,63.1,63.3,0.0,217.0
2023-06-29,4581,176388.0,11299132.0,63.6,64.9,63.0,64.8,1.5,181.0
2023-06-30,4581,207396.0,13332334.0,64.7,65.4,63.5,64.5,-0.3,163.0
2023-07-03,4581,454749.0,30033756.0,64.5,67.0,64.1,66.3,1.8,357.0
2023-07-04,4581,303037.0,20231670.0,66.4,67.9,65.4,67.6,1.3,260.0
2023-07-05,4581,148366.0,10022972.0,66.7,68.5,66.7,67.0,-0.6,138.0
2023-07-06,4581,169374.0,11159225.0,67.5,67.5,65.1,65.1,-1.9,151.0
2023-07-07,4581,181388.0,11692332.0,64.9,65.8,63.5,64.0,-1.1,176.0
2023-07-10,4581,171177.0,11142215.0,64.1,65.9,63.4,65.9,1.9,141.0
2023-07-11,4581,195503.0,12762821.0,64.3,66.2,64.3,65.9,0.0,156.0
2023-07-12,4581,295298.0,18954113.0,65.9,65.9,62.6,63.6,-2.3,229.0
2023-07-13,4581,151304.0,9704612.0,64.0,64.8,63.5,64.0,0.4,136.0
2023-07-14,4581,735441.0,49970104.0,65.2,69.5,65.2,68.4,4.4,707.0
2023-07-17,4581,760592.0,54285274.0,68.5,73.4,67.6,72.6,4.2,831.0
2023-07-18,4581,604562.0,43319016.0,75.0,75.0,69.7,71.2,-1.4,534.0
2023-07-19,4581,560877.0,40078803.0,71.5,73.9,69.2,69.4,-1.8,423.0
2023-07-20,4581,356309.0,25528946.0,69.5,72.7,69.3,71.9,2.5,289.0
2023-07-21,4581,151854.0,10917637.0,71.0,73.0,70.9,72.0,0.1,132.0
2023-07-24,4581,326479.0,23087135.0,72.2,72.2,69.2,71.5,-0.5,264.0
2023-07-25,4581,354666.0,25251567.0,69.5,73.7,69.3,70.8,0.0,258.0
2023-07-26,4581,101465.0,7118633.0,70.9,71.0,69.5,69.6,-1.2,95.0
2023-07-27,4581,153156.0,10735614.0,69.6,71.0,69.4,70.0,0.4,117.0
2023-07-28,4581,127369.0,8779492.0,70.0,70.0,68.3,68.4,-1.6,126.0
2023-07-31,4581,231784.0,15438858.0,69.0,69.0,65.3,66.1,-2.3,231.0
2023-08-01,4581,120748.0,7809934.0,66.2,66.2,64.3,64.6,-1.5,123.0
2023-08-02,4581,334590.0,21183816.0,64.4,64.5,62.5,62.8,-1.8,252.0
2023-08-04,4581,90186.0,5780577.0,63.3,65.1,63.3,63.3,0.5,85.0
2023-08-07,4581,74236.0,4662928.0,63.1,63.7,62.2,63.5,0.2,73.0
2023-08-08,4581,138091.0,8683414.0,63.8,63.8,62.5,62.6,-0.9,128.0
2023-08-09,4581,42063.0,2653583.0,62.9,63.5,62.6,63.2,0.6,45.0
2023-08-10,4581,145974.0,9180134.0,63.5,63.9,62.1,62.3,-0.9,140.0
2023-08-11,4581,74041.0,4629875.0,63.0,63.2,62.2,62.6,0.3,67.0
2023-08-14,4581,244644.0,14793312.0,62.1,62.1,59.4,59.9,-2.7,337.0
2023-08-15,4581,84056.0,5120164.0,60.2,61.7,60.0,61.5,1.6,75.0
2023-08-16,4581,131051.0,8110111.0,61.2,63.3,60.3,62.4,0.9,116.0
2023-08-17,4581,1843055.0,125357590.0,67.7,68.6,65.6,68.6,6.2,885.0
2023-08-18,4581,4217746.0,311169649.0,72.0,75.4,71.5,72.4,3.8,2996.0
2023-08-21,4581,2594551.0,200014529.0,70.9,79.6,70.9,79.6,7.2,1920.0
2023-08-22,4581,1564930.0,124511746.0,78.4,82.5,77.4,79.9,0.3,1316.0
2023-08-23,4581,1082698.0,83468895.0,79.2,80.8,75.6,76.0,-3.9,934.0
2023-08-24,4581,638938.0,48185389.0,76.0,76.8,74.2,74.7,-1.3,520.0
2023-08-25,4581,565920.0,41609911.0,77.5,77.5,72.0,72.0,-2.7,490.0
2023-08-28,4581,803513.0,57598776.0,73.3,76.0,69.2,69.5,-2.5,724.0
2023-08-29,4581,492901.0,35123927.0,71.6,72.5,69.4,72.5,3.0,386.0
2023-08-30,4581,413345.0,30115838.0,72.5,74.0,71.8,73.0,0.5,480.0
2023-08-31,4581,186585.0,13478815.0,73.3,73.3,71.9,71.9,-1.1,183.0
2023-09-01,4581,201060.0,14406241.0,72.1,72.7,71.0,71.2,-0.7,216.0
2023-09-04,4581,216023.0,15379845.0,71.0,72.9,70.5,71.1,-0.1,173.0
2023-09-05,4581,170437.0,12205369.0,71.2,72.2,71.0,71.6,0.5,138.0
2023-09-06,4581,298394.0,21597024.0,72.7,73.7,71.5,71.8,0.2,299.0
2023-09-07,4581,261369.0,18911727.0,71.7,73.5,71.4,72.2,0.4,232.0
2023-09-08,4581,268169.0,19122059.0,72.2,72.2,70.5,70.8,-1.4,198.0
2023-09-11,4581,791188.0,52972689.0,70.0,70.0,65.4,65.5,-5.3,681.0
2023-09-12,4581,240273.0,15839138.0,65.5,66.9,65.0,66.5,1.0,204.0
2023-09-13,4581,405843.0,28068289.0,67.2,70.5,67.0,68.4,1.9,380.0
2023-09-14,4581,179505.0,12497402.0,69.0,70.3,68.1,69.7,1.3,213.0
2023-09-15,4581,154160.0,10628114.0,69.7,69.7,68.6,69.1,-0.6,122.0
2023-09-18,4581,51138.0,3505577.0,68.0,68.8,68.0,68.7,-0.4,61.0
2023-09-19,4581,97248.0,6696624.0,68.7,70.0,68.3,68.5,-0.2,97.0
2023-09-20,4581,53363.0,3673528.0,68.5,69.5,68.4,68.4,-0.1,126.0
2023-09-21,4581,125126.0,8571817.0,68.0,69.7,67.7,68.5,0.1,106.0
2023-09-22,4581,97288.0,6686871.0,68.2,69.4,67.8,69.4,0.9,95.0
2023-09-25,4581,502674.0,35689252.0,69.1,72.5,68.5,71.2,1.8,312.0
2023-09-26,4581,262679.0,18828389.0,71.9,72.6,70.9,71.7,0.5,223.0
2023-09-27,4581,188680.0,13643592.0,71.8,73.0,71.1,71.8,0.1,143.0
2023-09-28,4581,160560.0,11481986.0,72.2,72.2,71.1,71.1,-0.7,224.0
2023-10-02,4581,229434.0,16532882.0,71.3,72.6,71.3,72.4,1.3,172.0
2023-10-03,4581,274574.0,19971851.0,72.4,73.8,71.8,72.8,0.4,195.0
2023-10-04,4581,125334.0,9146291.0,72.4,73.4,72.4,73.3,0.5,103.0
2023-10-05,4581,220631.0,15971823.0,73.4,73.9,71.6,71.6,-1.7,288.0
2023-10-06,4581,115310.0,8233610.0,71.6,72.0,71.0,72.0,0.4,170.0
2023-10-11,4581,203635.0,14857051.0,72.4,74.4,72.4,72.6,0.6,186.0
2023-10-12,4581,208143.0,15303062.0,73.0,74.5,72.8,73.3,0.7,164.0
2023-10-13,4581,92182.0,6714539.0,72.4,73.6,72.4,72.8,-0.5,78.0
2023-10-16,4581,75000.0,5475100.0,72.8,73.5,72.3,72.7,-0.1,62.0
2023-10-17,4581,1409044.0,106912621.0,73.3,77.9,72.6,74.3,1.6,936.0
2023-10-18,4581,517222.0,37910022.0,74.4,74.7,71.7,72.8,-1.5,392.0
2023-10-19,4581,285267.0,20963073.0,73.1,75.1,71.6,73.4,0.6,245.0
2023-10-20,4581,207011.0,15077509.0,73.8,73.8,72.0,73.2,-0.2,158.0
2023-10-23,4581,145189.0,10552315.0,73.2,73.8,72.0,72.5,-0.7,128.0
2023-10-24,4581,285339.0,20854043.0,72.5,75.0,71.8,72.3,-0.2,227.0
2023-10-25,4581,449267.0,33535902.0,73.1,75.5,73.1,75.5,3.2,410.0
2023-10-26,4581,300534.0,22824801.0,75.0,77.4,74.5,75.3,-0.2,280.0
2023-10-27,4581,213667.0,15939156.0,75.2,76.4,73.8,73.8,-1.5,190.0
2023-10-30,4581,49473.0,3651833.0,74.3,74.3,73.3,73.4,-0.4,82.0
2023-10-31,4581,292873.0,21120488.0,73.6,74.2,70.5,70.8,-2.6,268.0
2023-11-01,4581,108070.0,7661678.0,70.8,71.3,70.6,71.2,0.4,105.0
2023-11-02,4581,80422.0,5744219.0,71.6,72.2,71.2,71.3,0.1,144.0
2023-11-03,4581,128809.0,9208465.0,71.6,72.2,70.9,70.9,-0.4,108.0
2023-11-06,4581,63150.0,4520900.0,72.4,72.5,71.0,71.7,0.8,92.0
2023-11-07,4581,77089.0,5501572.0,71.3,71.8,71.1,71.8,0.1,73.0
2023-11-08,4581,194145.0,14179744.0,71.8,73.5,71.8,73.4,1.6,168.0
2023-11-09,4581,882156.0,61276310.0,73.2,73.2,68.3,69.2,-4.2,850.0
2023-11-10,4581,176413.0,12150649.0,69.2,69.4,68.5,68.5,-0.7,147.0
2023-11-13,4581,151266.0,10411240.0,68.9,69.5,68.3,69.0,0.5,117.0
2023-11-14,4581,125100.0,8694300.0,70.4,70.4,68.8,69.0,0.0,95.0
2023-11-15,4581,159049.0,11081918.0,70.2,70.4,69.2,69.3,0.3,113.0
2023-11-16,4581,176307.0,12168002.0,69.4,69.8,68.5,68.9,-0.4,130.0
2023-11-17,4581,131538.0,9099272.0,68.6,69.7,68.6,68.8,-0.1,144.0
2023-11-20,4581,95016.0,6548204.0,69.0,69.1,68.8,68.8,0.0,67.0
2023-11-21,4581,102326.0,7076325.0,69.0,69.5,68.9,68.9,0.1,88.0
2023-11-22,4581,77077.0,5329831.0,69.0,69.5,69.0,69.5,0.6,83.0
2023-11-23,4581,89032.0,6212239.0,69.3,70.2,69.3,70.1,0.6,75.0
2023-11-24,4581,70047.0,4870888.0,70.2,70.2,69.3,69.5,-0.6,62.0
2023-11-27,4581,115537.0,7995006.0,69.5,70.0,68.8,69.1,-0.4,92.0
2023-11-28,4581,61200.0,4243960.0,69.2,69.8,69.1,69.8,0.7,46.0
2023-11-29,4581,64064.0,4442034.0,69.8,69.8,69.1,69.3,-0.5,58.0
2023-11-30,4581,51002.0,3534640.0,69.5,69.5,69.1,69.4,0.1,48.0
2023-12-01,4581,82019.0,5676316.0,69.4,69.5,69.1,69.4,0.0,71.0
2023-12-04,4581,73002.0,5055338.0,69.2,69.6,69.0,69.0,-0.4,70.0
2023-12-05,4581,139146.0,9537644.0,69.0,69.0,68.2,68.3,-0.7,121.0
2023-12-06,4581,80005.0,5478441.0,68.3,68.9,68.3,68.6,0.3,55.0
2023-12-07,4581,71006.0,4861312.0,69.3,69.3,68.2,68.2,-0.4,68.0
2023-12-08,4581,40051.0,2744083.0,68.4,68.8,68.3,68.4,0.2,34.0
2023-12-11,4581,117021.0,7926433.0,68.6,68.8,67.0,67.2,-1.2,100.0
2023-12-12,4581,122326.0,8283469.0,67.2,68.1,66.9,67.6,0.4,95.0
2023-12-13,4581,45451.0,3076011.0,67.6,68.0,67.3,67.3,-0.3,90.0
2023-12-14,4581,62000.0,4177400.0,67.3,67.7,67.2,67.6,0.3,47.0
2023-12-15,4581,65009.0,4412708.0,67.7,68.3,67.2,67.6,0.0,47.0
2023-12-18,4581,42097.0,2841666.0,67.6,68.0,67.3,67.3,-0.3,40.0
2023-12-19,4581,124253.0,8276632.0,67.3,67.4,65.7,67.0,-0.3,114.0
2023-12-20,4581,529466.0,36692864.0,67.5,70.0,67.4,69.0,2.0,310.0
2023-12-21,4581,90127.0,6212081.0,68.6,69.5,68.2,68.7,-0.3,90.0
2023-12-22,4581,68007.0,4634876.0,68.7,68.7,67.7,67.8,-0.9,64.0
2023-12-25,4581,45662.0,3080128.0,68.1,68.1,67.2,67.2,-0.6,63.0
2023-12-26,4581,59122.0,3969802.0,66.8,67.7,66.8,67.2,0.0,90.0
2023-12-27,4581,39060.0,2622519.0,67.5,67.6,66.9,66.9,-0.3,51.0
2023-12-28,4581,81330.0,5427102.0,67.9,67.9,66.5,66.5,-0.4,125.0
2023-12-29,4581,159853.0,10762138.0,66.5,68.3,66.2,67.4,0.9,129.0
2024-01-02,4581,57215.0,3837666.0,67.5,67.8,66.8,67.0,-0.4,126.0
2024-01-03,4581,99110.0,6578755.0,66.8,66.9,66.0,66.0,-1.0,82.0
2024-01-04,4581,104651.0,6907791.0,66.2,66.5,65.7,66.0,0.0,83.0
2024-01-05,4581,62000.0,4098100.0,66.0,66.5,65.8,66.1,0.1,51.0
2024-01-08,4581,50038.0,3333722.0,66.7,67.1,66.4,66.4,0.3,42.0
2024-01-09,4581,56044.0,3708428.0,66.6,66.6,65.9,65.9,-0.5,45.0
2024-01-10,4581,126112.0,8193745.0,65.9,65.9,64.0,64.5,-1.4,104.0
2024-01-11,4581,27055.0,1744449.0,64.7,64.7,64.2,64.3,-0.2,35.0
2024-01-12,4581,40371.0,2611086.0,64.5,65.1,64.1,64.6,0.3,94.0
2024-01-15,4581,138631.0,8911916.0,64.6,64.8,64.0,64.3,-0.3,235.0
2024-01-16,4581,21088.0,1353949.0,64.2,64.4,64.1,64.2,-0.1,39.0
2024-01-17,4581,123435.0,7815982.0,64.2,64.2,62.8,62.8,-1.4,92.0
2024-01-18,4581,32231.0,2022342.0,62.8,63.5,62.5,62.6,-0.2,30.0
2024-01-19,4581,19000.0,1197800.0,62.9,63.3,62.8,63.0,0.4,19.0
2024-01-22,4581,39099.0,2463737.0,63.0,63.2,62.6,63.0,0.0,48.0
2024-01-23,4581,27222.0,1721686.0,63.0,63.5,62.9,63.3,0.3,26.0
2024-01-24,4581,77000.0,4945200.0,63.6,65.1,63.6,64.4,1.1,51.0
2024-01-25,4581,17155.0,1098964.0,64.3,64.3,63.9,63.9,-0.5,26.0
2024-01-26,4581,43050.0,2745065.0,63.7,64.5,63.4,63.8,-0.1,35.0
2024-01-29,4581,39000.0,2468900.0,63.6,63.8,63.0,63.5,-0.3,27.0
2024-01-30,4581,12314.0,787639.0,64.1,64.2,63.5,63.5,0.0,9.0
2024-01-31,4581,40000.0,2531400.0,63.1,64.0,62.6,63.1,-0.4,29.0
2024-02-01,4581,6000.0,379700.0,63.2,63.5,63.1,63.2,0.1,5.0
2024-02-02,4581,18088.0,1143323.0,63.1,63.8,63.0,63.0,-0.2,15.0
2024-02-05,4581,42061.0,2680130.0,63.5,64.2,63.5,64.0,1.0,36.0
2024-02-15,4581,61007.0,3903561.0,64.2,64.4,63.7,64.2,0.2,47.0
2024-02-16,4581,47015.0,2999962.0,63.9,64.3,63.2,64.2,0.0,44.0
2024-02-19,4581,71808.0,4623140.0,64.1,65.1,63.5,64.1,-0.1,73.0
2024-02-20,4581,14000.0,900200.0,64.2,64.6,64.1,64.5,0.4,14.0
2024-02-21,4581,22675.0,1464685.0,64.5,65.0,64.5,64.5,0.0,25.0
2024-02-22,4581,42373.0,2743648.0,64.3,65.1,64.3,65.0,0.5,41.0
2024-02-23,4581,27122.0,1763147.0,64.5,65.3,64.5,64.8,-0.2,26.0
2024-02-26,4581,124997.0,7981784.0,64.8,64.8,63.1,63.6,-1.2,147.0
2024-02-27,4581,39560.0,2539570.0,63.7,64.5,63.7,64.1,0.5,45.0
2024-02-29,4581,66822.0,4350080.0,64.3,65.7,64.3,64.9,0.8,76.0
2024-03-01,4581,103083.0,6744878.0,64.9,66.1,64.9,65.5,0.6,98.0
2024-03-04,4581,168116.0,11155586.0,65.5,66.8,65.5,66.2,0.7,105.0
2024-03-05,4581,58138.0,3850632.0,66.8,66.8,66.0,66.3,0.1,44.0
2024-03-06,4581,851590.0,58700971.0,66.3,70.3,66.3,69.1,2.8,498.0
2024-03-07,4581,808594.0,56743910.0,69.7,71.1,69.1,69.6,0.5,472.0
2024-03-08,4581,786801.0,55393303.0,70.2,71.0,68.9,69.3,-0.3,452.0
2024-03-11,4581,744222.0,52476135.0,69.8,71.1,69.3,70.4,1.1,703.0
2024-03-12,4581,249950.0,17386727.0,70.8,70.8,69.0,69.5,-0.9,235.0
2024-03-13,4581,412536.0,28720243.0,70.4,70.6,68.5,70.1,0.6,423.0
2024-03-14,4581,1383545.0,98639976.0,71.4,72.3,70.2,70.6,0.5,872.0
2024-03-15,4581,507119.0,35678272.0,71.3,71.5,69.2,69.4,-1.2,384.0
2024-03-18,4581,232641.0,16081647.0,69.4,70.1,68.5,68.5,-0.9,202.0
2024-03-19,4581,116536.0,7972832.0,68.5,69.0,68.0,69.0,0.5,105.0
2024-03-20,4581,173669.0,11871258.0,69.1,69.1,68.0,68.2,-0.8,164.0
2024-03-21,4581,450241.0,31470839.0,69.2,71.5,69.1,69.6,1.4,341.0
2024-03-22,4581,195184.0,13520109.0,69.7,70.0,69.0,69.6,0.0,151.0
2024-03-25,4581,118098.0,8183029.0,69.8,70.1,69.0,69.0,-0.6,85.0
2024-03-26,4581,154349.0,10566125.0,69.1,69.1,68.0,68.5,-0.5,138.0
2024-03-27,4581,52863.0,3644789.0,68.4,69.3,68.4,69.0,0.5,63.0
2024-03-28,4581,49356.0,3397200.0,69.0,69.1,68.5,68.9,-0.1,179.0
2024-03-29,4581,250843.0,16956612.0,67.3,68.3,67.2,67.8,-1.1,296.0
2024-04-01,4581,42025.0,2861212.0,67.8,68.3,67.8,68.1,0.3,45.0
2024-04-02,4581,61039.0,4167086.0,68.1,68.5,68.0,68.3,0.2,54.0
2024-04-03,4581,63621.0,4337132.0,68.2,68.4,68.0,68.1,-0.2,58.0
2024-04-08,4581,65001.0,4455168.0,68.1,69.0,68.1,68.5,0.4,59.0
2024-04-09,4581,73300.0,5010403.0,68.3,69.0,68.2,68.7,0.2,60.0
2024-04-10,4581,58000.0,3982800.0,68.7,68.9,68.5,68.7,0.0,47.0
2024-04-11,4581,155626.0,10494893.0,68.1,68.1,67.1,67.1,-1.6,133.0
2024-04-12,4581,104088.0,6951803.0,67.3,67.5,66.5,66.5,-0.6,94.0
2024-04-15,4581,91764.0,6078818.0,66.5,66.9,65.4,65.5,-1.0,98.0
2024-04-16,4581,172601.0,11093703.0,65.1,65.2,63.7,63.9,-1.6,135.0
2024-04-17,4581,77643.0,4976753.0,63.9,64.8,63.9,63.9,0.0,120.0
2024-04-18,4581,36285.0,2341804.0,63.9,65.1,63.8,64.8,0.9,40.0
2024-04-19,4581,100408.0,6383074.0,64.5,64.5,63.0,63.5,-1.3,99.0
2024-04-22,4581,74382.0,4707839.0,63.5,63.8,62.8,62.9,-0.6,110.0
2024-04-23,4581,29629.0,1887623.0,63.2,64.3,63.0,63.9,1.0,41.0
2024-04-24,4581,33290.0,2144443.0,64.4,64.8,64.0,64.6,0.7,57.0
2024-04-25,4581,31169.0,2006177.0,64.8,64.8,64.0,64.0,-0.6,37.0
2024-04-26,4581,30474.0,1954896.0,64.4,64.4,64.0,64.0,0.0,36.0
2024-04-29,4581,40343.0,2611988.0,64.0,64.9,64.0,64.9,0.9,74.0
2024-04-30,4581,43355.0,2804429.0,64.6,65.0,64.4,64.8,-0.1,90.0
2024-05-02,4581,23618.0,1515983.0,64.0,64.5,64.0,64.4,-0.4,154.0
2024-05-03,4581,37020.0,2394498.0,64.4,65.0,64.2,64.8,0.4,28.0
2024-05-06,4581,16156.0,1047949.0,65.0,65.0,64.7,64.9,0.1,23.0
2024-05-07,4581,26277.0,1704843.0,64.9,65.0,64.8,64.8,-0.1,53.0
2024-05-08,4581,16100.0,1045100.0,64.5,65.2,64.5,64.8,0.0,20.0
2024-05-09,4581,41100.0,2650300.0,64.5,64.7,64.3,64.3,-0.5,37.0
2024-05-10,4581,31288.0,2020951.0,64.5,64.9,64.1,64.8,0.5,32.0
2024-05-13,4581,127190.0,8449021.0,64.8,67.3,64.8,66.9,2.1,123.0
2024-05-14,4581,48051.0,3196207.0,66.9,66.9,66.2,66.2,-0.7,52.0
2024-05-15,4581,61216.0,4007532.0,66.2,66.2,65.2,65.3,-0.9,55.0
2024-05-16,4581,18035.0,1176410.0,66.1,66.1,65.0,65.6,0.3,19.0
2024-05-17,4581,79000.0,5152200.0,65.2,65.5,65.0,65.0,-0.6,29.0
2024-05-20,4581,52050.0,3369666.0,65.2,65.3,64.4,64.6,-0.4,32.0
2024-05-21,4581,36371.0,2347907.0,64.6,64.8,64.5,64.5,-0.1,37.0
2024-05-22,4581,43049.0,2767950.0,64.5,64.6,64.2,64.3,-0.2,36.0
2024-05-23,4581,114000.0,7235300.0,64.2,64.4,63.0,63.0,-1.3,95.0
2024-05-24,4581,31000.0,1957500.0,63.1,63.4,63.0,63.3,0.3,28.0
2024-05-27,4581,21000.0,1333400.0,63.4,63.7,63.4,63.4,0.1,20.0
2024-05-28,4581,33100.0,2110249.0,63.5,64.0,63.5,63.9,0.5,28.0
2024-05-29,4581,102047.0,6454486.0,63.6,63.9,63.0,63.2,-0.7,81.0
2024-05-30,4581,18015.0,1145684.0,63.4,64.0,63.4,63.7,0.5,21.0
2024-05-31,4581,20023.0,1283267.0,64.0,64.3,63.8,64.2,0.5,22.0
2024-06-03,4581,37042.0,2391542.0,64.3,64.8,64.1,64.8,0.6,38.0
2024-06-04,4581,18173.0,1165780.0,64.2,64.5,63.9,64.0,-0.8,23.0
2024-06-05,4581,19000.0,1208400.0,63.6,64.0,63.5,63.5,-0.5,15.0
2024-06-06,4581,43045.0,2754502.0,64.2,64.3,63.6,63.8,0.3,28.0
2024-06-07,4581,13000.0,828500.0,63.8,63.8,63.6,63.6,-0.2,12.0
2024-06-11,4581,39030.0,2461029.0,63.6,63.6,62.8,63.0,-0.6,33.0
2024-06-12,4581,28182.0,1760051.0,62.7,63.0,62.2,62.7,-0.3,29.0
2024-06-13,4581,31000.0,1942100.0,62.8,63.1,62.4,62.5,-0.2,30.0
2024-06-14,4581,25008.0,1569900.0,62.5,63.1,62.3,62.7,0.2,20.0
2024-06-17,4581,14066.0,880414.0,62.7,63.0,62.4,62.4,-0.3,18.0
2024-06-18,4581,50803.0,3160787.0,62.4,62.4,62.0,62.2,-0.2,55.0
2024-06-19,4581,31162.0,1940110.0,62.3,62.4,62.2,62.3,0.1,39.0
2024-06-20,4581,5068.0,317358.0,63.0,63.0,62.4,62.4,0.1,6.0
2024-06-21,4581,24344.0,1542243.0,63.0,63.9,62.9,63.5,1.1,32.0
2024-06-24,4581,22059.0,1384344.0,63.5,63.5,62.6,62.7,-0.8,34.0
2024-06-25,4581,13012.0,816859.0,62.7,63.4,62.5,63.1,0.4,14.0
2024-06-26,4581,16042.0,1018960.0,63.6,63.8,63.4,63.4,0.3,20.0
2024-06-27,4581,44000.0,2747700.0,63.5,63.5,61.5,62.5,-0.9,33.0
2024-06-28,4581,14002.0,881625.0,62.8,63.2,62.8,63.0,0.5,13.0
2024-07-01,4581,20220.0,1272236.0,62.7,63.2,62.3,63.1,0.1,30.0
2024-07-02,4581,33015.0,2081045.0,63.0,63.5,62.7,63.0,-0.1,34.0
2024-07-03,4581,32155.0,2027586.0,63.1,63.1,62.9,62.9,-0.1,60.0
2024-07-04,4581,41174.0,2619196.0,63.3,64.9,63.2,63.2,0.3,37.0
2024-07-05,4581,10015.0,633048.0,63.3,63.3,63.1,63.2,0.0,13.0
2024-07-08,4581,23032.0,1458641.0,63.7,64.3,63.0,63.0,-0.2,23.0
2024-07-09,4581,19700.0,1236288.0,62.8,63.0,62.5,62.8,-0.2,53.0
2024-07-10,4581,4004.0,252753.0,63.5,63.5,63.0,63.0,0.2,5.0
2024-07-11,4581,28155.0,1775612.0,63.0,63.3,62.8,63.2,0.2,48.0
2024-07-12,4581,22046.0,1391411.0,63.3,63.3,63.0,63.1,-0.1,18.0
2024-07-15,4581,53000.0,3370100.0,63.2,64.0,63.2,64.0,0.9,39.0
2024-07-16,4581,44095.0,2802924.0,64.0,64.0,63.3,63.4,-0.6,41.0
2024-07-17,4581,9054.0,573630.0,63.3,63.5,63.3,63.4,0.0,13.0
2024-07-18,4581,52065.0,3299233.0,63.3,63.5,63.2,63.5,0.1,36.0
2024-07-19,4581,78127.0,4944882.0,63.5,63.9,62.9,62.9,-0.6,59.0
2024-07-22,4581,76353.0,4756516.0,63.8,63.8,62.0,62.0,-0.9,67.0
2024-07-23,4581,21038.0,1327019.0,62.3,63.6,62.3,63.0,1.0,20.0
2024-07-26,4581,52956.0,3155154.0,60.2,60.2,58.5,59.4,0.0,62.0
2024-07-29,4581,31725.0,1843528.0,59.0,59.0,57.6,57.7,-1.7,47.0
2024-07-30,4581,20015.0,1141516.0,57.0,57.5,56.9,57.5,-0.2,26.0
2024-07-31,4581,13000.0,754300.0,58.7,58.7,57.5,58.0,0.5,13.0
2024-08-01,4581,23315.0,1349679.0,58.2,58.2,57.7,57.9,-0.1,32.0
2024-08-02,4581,37139.0,2119017.0,57.5,58.0,56.6,57.0,-0.9,41.0
2024-08-05,4581,132865.0,6923326.0,54.1,55.0,51.3,51.8,-5.2,123.0
2024-08-06,4581,48052.0,2431023.0,51.3,52.7,49.1,51.0,-0.8,46.0
2024-08-07,4581,41197.0,2128424.0,52.3,52.4,51.0,51.6,0.6,56.0
2024-08-08,4581,11000.0,567600.0,50.8,52.3,50.8,51.8,0.2,11.0
2024-08-09,4581,24109.0,1270346.0,51.9,53.1,51.9,52.8,1.0,26.0
2024-08-12,4581,101901.0,5197237.0,52.1,52.1,50.0,50.5,-2.3,97.0
2024-08-13,4581,43242.0,2178535.0,50.5,51.4,49.8,50.5,0.0,38.0
2024-08-14,4581,26075.0,1336927.0,50.9,51.5,50.9,51.5,1.0,27.0
2024-08-15,4581,21013.0,1077585.0,51.5,51.8,51.1,51.2,-0.3,21.0
2024-08-16,4581,23032.0,1187672.0,51.1,52.0,51.1,51.8,0.6,23.0
2024-08-19,4581,20346.0,1047212.0,51.8,51.8,51.3,51.4,-0.4,20.0
2024-08-20,4581,13741.0,705539.0,51.4,51.6,51.2,51.6,0.2,23.0
2024-08-21,4581,21100.0,1089463.0,51.5,51.7,51.5,51.6,0.0,45.0
2024-08-22,4581,9236.0,477559.0,51.8,51.8,51.6,51.6,0.0,24.0
2024-08-23,4581,15000.0,781400.0,51.8,52.2,51.8,52.2,0.6,15.0
2024-08-26,4581,25131.0,1347514.0,53.5,54.0,52.3,53.9,1.7,44.0
2024-08-27,4581,19245.0,1024707.0,54.0,54.0,52.8,53.3,-0.6,24.0
2024-08-28,4581,20030.0,1090444.0,53.6,54.8,53.5,54.6,1.3,21.0
2024-08-29,4581,14403.0,790540.0,54.8,55.1,54.8,55.0,0.4,70.0
2024-08-30,4581,32177.0,1803284.0,56.0,56.9,55.8,56.3,1.3,36.0
2024-09-02,4581,24336.0,1373717.0,56.3,56.7,56.3,56.7,0.4,27.0
2024-09-03,4581,18063.0,1022137.0,56.9,57.0,55.8,56.6,-0.1,17.0
2024-09-04,4581,19125.0,1077928.0,56.9,56.9,55.4,55.5,-1.1,22.0
2024-09-05,4581,4130.0,229470.0,56.6,56.6,55.0,55.0,-0.5,8.0
2024-09-06,4581,23253.0,1287015.0,55.4,55.4,55.1,55.2,0.2,19.0
2024-09-09,4581,16001.0,856653.0,53.3,54.7,53.0,54.2,-1.0,15.0
2024-09-10,4581,13000.0,696800.0,53.9,53.9,53.1,53.5,-0.7,13.0
2024-09-11,4581,77131.0,4288755.0,57.8,57.8,54.2,54.5,1.0,59.0
2024-09-12,4581,10023.0,553585.0,55.8,55.9,54.4,55.0,0.5,11.0
2024-09-13,4581,4025.0,220695.0,55.5,55.6,54.1,55.6,0.6,8.0
2024-09-16,4581,9085.0,504045.0,56.6,56.6,54.7,55.1,-0.5,21.0
2024-09-18,4581,5034.0,276174.0,55.8,55.8,54.4,54.6,-0.5,11.0
2024-09-19,4581,16394.0,895088.0,54.6,55.0,54.3,54.6,0.0,25.0
2024-09-20,4581,18053.0,1003881.0,55.7,55.8,55.2,55.7,1.1,24.0
2024-09-23,4581,19020.0,1056713.0,56.7,56.7,55.0,55.3,-0.4,20.0
2024-09-24,4581,5358.0,300143.0,55.3,56.3,55.3,56.1,0.8,37.0
2024-09-25,4581,27147.0,1536126.0,56.4,56.9,56.2,56.7,0.6,29.0
2024-09-26,4581,56117.0,3201291.0,56.7,57.5,56.5,56.8,0.1,53.0
2024-09-27,4581,32039.0,1815685.0,57.0,57.0,56.5,56.8,0.0,21.0
2024-09-30,4581,18023.0,1023913.0,56.8,57.0,56.7,57.0,0.2,14.0
2024-10-01,4581,13047.0,740175.0,56.8,56.8,56.5,56.7,-0.3,18.0
2024-10-04,4581,34131.0,1907801.0,56.7,56.7,53.8,55.6,-1.1,37.0
2024-10-07,4581,7045.0,392120.0,55.7,55.7,55.6,55.7,0.1,17.0
2024-10-08,4581,9000.0,501700.0,55.7,55.8,55.7,55.8,0.1,7.0
2024-10-09,4581,18010.0,1012266.0,56.0,57.0,55.7,56.0,0.2,19.0
2024-10-11,4581,6017.0,336557.0,56.7,56.7,55.3,55.3,-0.7,7.0
2024-10-14,4581,5029.0,279509.0,55.5,55.8,55.5,55.6,0.3,7.0
2024-10-15,4581,11100.0,610325.0,55.0,55.3,54.5,55.2,-0.4,11.0
2024-10-16,4581,14032.0,766681.0,55.2,55.2,54.5,55.0,-0.2,16.0
2024-10-17,4581,16326.0,889619.0,54.6,54.7,54.3,54.4,-0.6,19.0
2024-10-18,4581,131422.0,6876155.0,53.5,53.5,51.1,53.2,-1.2,81.0
2024-10-21,4581,14000.0,756000.0,53.2,54.5,53.2,53.6,0.4,10.0
2024-10-22,4581,12000.0,645100.0,53.6,54.2,53.5,53.8,0.2,11.0
2024-10-23,4581,15022.0,811592.0,53.8,54.3,53.8,53.9,0.1,14.0
2024-10-24,4581,3000.0,161900.0,54.0,54.2,53.7,53.7,-0.2,3.0
2024-10-25,4581,2220.0,119580.0,54.2,54.2,53.5,53.5,-0.2,5.0
2024-10-28,4581,28100.0,1521100.0,54.2,54.3,54.0,54.2,0.7,23.0
2024-10-29,4581,29271.0,1568298.0,54.2,54.2,53.1,53.6,-0.6,28.0
2024-10-30,4581,10200.0,550100.0,54.0,54.1,53.7,53.7,0.1,20.0
2024-11-01,4581,19120.0,1022455.0,53.5,54.1,52.1,54.1,0.4,25.0
2024-11-04,4581,7000.0,377500.0,55.0,55.0,53.5,53.5,-0.6,7.0
2024-11-05,4581,31056.0,1654168.0,53.1,53.6,53.0,53.0,-0.5,24.0
2024-11-06,4581,27010.0,1431135.0,53.0,53.4,52.6,53.0,0.0,22.0
2024-11-07,4581,29020.0,1539660.0,52.9,53.9,52.8,53.2,0.2,22.0
2024-11-08,4581,13090.0,697687.0,53.2,54.6,53.1,53.1,-0.1,13.0
2024-11-11,4581,14051.0,745413.0,53.1,53.2,52.9,52.9,-0.2,13.0
2024-11-12,4581,17000.0,907200.0,52.9,53.8,52.9,53.3,0.4,14.0
2024-11-13,4581,3000.0,159700.0,53.4,53.4,53.0,53.0,-0.3,3.0
2024-11-14,4581,25150.0,1331150.0,53.3,53.3,52.8,52.8,-0.2,29.0
2024-11-15,4581,32017.0,1749004.0,54.1,55.0,54.0,54.0,1.2,25.0
2024-11-18,4581,7051.0,380201.0,54.0,54.0,53.5,53.5,-0.5,8.0
2024-11-19,4581,3049.0,163226.0,53.6,53.6,53.4,53.6,0.1,4.0
2024-11-20,4581,7065.0,379815.0,53.7,54.0,53.5,54.0,0.4,22.0
2024-11-21,4581,20118.0,1090341.0,54.0,54.6,54.0,54.0,0.0,18.0
2024-11-22,4581,8219.0,450093.0,54.4,55.0,54.4,54.6,0.6,12.0
2024-11-25,4581,14020.0,772400.0,55.0,55.5,54.7,54.8,0.2,14.0
2024-11-26,4581,13135.0,724039.0,54.6,55.7,54.6,54.8,0.0,15.0
2024-11-27,4581,14000.0,766400.0,54.8,54.8,54.6,54.8,0.0,11.0
2024-11-28,4581,15069.0,813938.0,54.6,54.6,53.6,54.0,-0.8,18.0
2024-11-29,4581,2040.0,110069.0,54.0,54.0,53.9,53.9,-0.1,5.0
2024-12-02,4581,9438.0,515906.0,54.9,54.9,54.1,54.8,0.9,15.0
2024-12-03,4581,5150.0,284048.0,55.7,55.7,54.9,55.2,0.4,9.0
2024-12-04,4581,22270.0,1233585.0,55.5,55.5,55.0,55.4,0.2,14.0
2024-12-05,4581,22850.0,1260307.0,55.9,55.9,54.0,54.5,-0.9,19.0
2024-12-06,4581,5018.0,276090.0,55.7,55.7,54.8,54.8,0.3,6.0
2024-12-09,4581,29000.0,1609700.0,56.1,56.1,54.8,54.8,0.0,12.0
2024-12-10,4581,37000.0,1976200.0,53.5,53.8,53.1,53.7,-1.1,32.0
2024-12-11,4581,11124.0,591119.0,53.7,53.7,52.6,52.6,-1.1,15.0
2024-12-12,4581,18000.0,950600.0,52.7,53.4,52.5,52.5,-0.1,16.0
2024-12-13,4581,38025.0,1971000.0,52.2,52.4,51.5,51.5,-1.0,33.0
2024-12-16,4581,10040.0,519680.0,52.6,52.6,51.4,51.6,0.1,12.0
2024-12-17,4581,11010.0,571400.0,52.2,52.2,51.3,51.4,-0.2,9.0
2024-12-18,4581,29018.0,1490818.0,51.9,51.9,50.9,51.4,0.0,25.0
2024-12-19,4581,41086.0,2095916.0,51.4,52.4,50.2,51.6,0.2,35.0
2024-12-20,4581,11063.0,566387.0,50.6,51.4,50.6,51.3,-0.3,14.0
2024-12-23,4581,27000.0,1422600.0,52.5,53.0,52.4,52.5,1.2,27.0
2024-12-24,4581,17200.0,900400.0,53.2,53.2,52.1,52.2,-0.3,16.0
2024-12-25,4581,5000.0,260400.0,53.1,53.1,51.8,51.9,-0.3,3.0
2024-12-26,4581,2076.0,108431.0,52.7,52.7,51.9,51.9,0.0,5.0
2024-12-27,4581,12919.0,664068.0,51.5,51.5,51.4,51.4,-0.5,26.0
2024-12-30,4581,6000.0,306500.0,51.0,51.4,51.0,51.0,-0.4,5.0
2024-12-31,4581,10119.0,515616.0,50.7,51.6,50.6,51.6,0.6,8.0
2025-01-02,4581,21164.0,1081188.0,51.5,51.5,50.7,50.8,-0.8,21.0
2025-01-03,4581,12000.0,612500.0,51.7,51.7,50.8,50.8,0.0,11.0
2025-01-06,4581,19101.0,978950.0,52.0,52.0,50.9,51.8,1.0,24.0
2025-01-07,4581,13000.0,676800.0,52.0,52.3,51.8,51.8,0.0,13.0
2025-01-08,4581,13000.0,680200.0,52.5,52.5,52.2,52.2,0.4,11.0
2025-01-09,4581,6035.0,312012.0,52.3,52.3,51.2,51.3,-0.9,11.0
2025-01-10,4581,6000.0,306900.0,51.3,51.3,51.0,51.3,0.0,6.0
2025-01-13,4581,56213.0,2811841.0,50.6,50.6,49.5,49.85,-1.45,60.0
2025-01-14,4581,12046.0,601292.0,50.0,50.0,49.8,49.9,0.05,20.0
2025-01-15,4581,12000.0,599650.0,50.0,50.0,49.85,49.95,0.05,7.0
2025-01-16,4581,16388.0,820794.0,50.0,50.1,49.95,50.0,0.05,37.0
2025-01-17,4581,7015.0,351801.0,50.2,50.3,49.9,49.95,-0.05,7.0
2025-01-20,4581,6000.0,299600.0,49.95,50.0,49.85,49.85,-0.1,6.0
2025-01-21,4581,4019.0,200703.0,49.85,50.0,49.85,50.0,0.15,11.0
2025-01-22,4581,15246.0,767887.0,50.1,50.6,50.1,50.5,0.5,19.0
2025-02-03,4581,12138.0,611751.0,50.5,50.7,49.95,50.5,0.0,27.0
2025-02-04,4581,5017.0,258950.0,51.7,51.7,51.5,51.5,1.0,6.0
2025-02-05,4581,5000.0,257500.0,51.5,51.5,51.5,51.5,0.0,4.0
2025-02-06,4581,6006.0,310713.0,51.9,51.9,51.7,51.7,0.2,7.0
2025-02-07,4581,3020.0,156340.0,51.7,51.8,51.7,51.8,0.1,4.0
2025-02-10,4581,27002.0,1407006.0,51.9,53.0,51.6,52.1,0.3,24.0
2025-02-11,4581,315534.0,18048371.0,57.3,57.3,55.5,57.3,5.2,288.0
2025-02-12,4581,632605.0,37516208.0,58.5,60.9,57.7,59.4,2.1,435.0
2025-02-13,4581,137870.0,8145172.0,59.5,59.9,58.4,58.9,-0.5,135.0
2025-02-14,4581,79121.0,4600544.0,59.0,59.0,57.4,58.1,-0.8,73.0
2025-02-17,4581,46539.0,2737971.0,59.8,59.8,58.3,58.5,0.4,51.0
2025-02-18,4581,27087.0,1589293.0,59.3,59.3,58.4,58.6,0.1,33.0
2025-02-19,4581,54150.0,3144561.0,57.8,58.8,57.8,58.0,-0.6,39.0
2025-02-20,4581,56101.0,3285358.0,58.3,58.9,58.1,58.4,0.4,48.0
2025-02-21,4581,28214.0,1647522.0,58.8,58.8,58.2,58.4,0.0,35.0
2025-02-24,4581,19165.0,1120201.0,58.2,58.7,58.2,58.7,0.3,22.0
2025-02-25,4581,17011.0,992649.0,58.7,58.7,57.8,58.7,0.0,18.0
2025-02-26,4581,114245.0,6822895.0,60.4,60.4,58.5,59.6,0.9,105.0
2025-02-27,4581,25221.0,1491499.0,59.6,59.6,58.8,59.0,-0.6,30.0
2025-03-03,4581,39302.0,2324068.0,58.8,59.5,58.6,59.5,0.5,40.0
2025-03-04,4581,17057.0,1013106.0,59.0,59.7,59.0,59.5,0.0,24.0
2025-03-05,4581,28119.0,1672390.0,59.1,59.6,59.0,59.3,-0.2,29.0
2025-03-06,4581,39049.0,2334313.0,60.2,60.2,59.3,59.9,0.6,41.0
2025-03-07,4581,11280.0,674531.0,60.3,60.3,59.6,59.7,-0.2,16.0
2025-03-10,4581,113713.0,6581114.0,59.3,59.5,56.5,56.5,-3.2,138.0
2025-03-11,4581,61194.0,3333432.0,52.7,55.9,52.7,55.5,-1.0,56.0
2025-03-12,4581,7185.0,398671.0,55.2,56.0,55.2,55.5,0.0,13.0
2025-03-13,4581,8430.0,467326.0,55.9,55.9,55.3,55.7,0.2,13.0
2025-03-14,4581,5098.0,283968.0,55.7,55.7,55.7,55.7,0.0,7.0
2025-03-17,4581,81396.0,4678769.0,56.1,58.7,56.1,58.5,2.8,79.0
2025-03-18,4581,36710.0,2139836.0,58.8,59.0,57.8,58.3,-0.2,48.0
2025-03-19,4581,21100.0,1220115.0,58.5,59.0,57.3,57.8,-0.5,31.0
2025-03-20,4581,14493.0,835880.0,58.1,58.1,57.4,57.8,0.0,18.0
2025-03-21,4581,14017.0,807190.0,57.5,57.7,57.5,57.6,-0.2,16.0
2025-03-24,4581,7005.0,403992.0,57.7,57.7,57.6,57.6,0.0,8.0
2025-03-25,4581,11247.0,649724.0,57.6,58.5,57.5,58.2,0.6,24.0
2025-03-26,4581,4108.0,237360.0,58.0,58.0,57.6,57.6,-0.6,8.0
2025-03-27,4581,8009.0,460915.0,57.6,57.8,57.3,57.3,-0.3,9.0
2025-03-28,4581,24008.0,1365152.0,57.5,57.5,56.2,56.9,-0.4,25.0
2025-03-31,4581,42914.0,2396805.0,56.1,56.8,55.2,55.5,-1.4,42.0
2025-04-01,4581,1041.0,59228.0,56.9,56.9,56.9,56.9,1.4,2.0
2025-04-02,4581,3517.0,197369.0,56.5,56.5,55.9,55.9,-1.0,8.0
2025-04-07,4581,26262.0,1323607.0,50.4,50.4,50.4,50.4,-5.5,25.0
2025-04-08,4581,183528.0,8423344.0,50.0,50.0,45.4,45.4,-5.0,129.0
2025-04-09,4581,56165.0,2414668.0,45.6,45.6,41.1,42.15,-3.25,55.0
2025-04-10,4581,37115.0,1695123.0,46.35,46.35,44.5,46.35,4.2,38.0
2025-04-11,4581,30096.0,1403248.0,46.35,47.0,46.0,46.4,0.05,25.0
2025-04-14,4581,12146.0,583689.0,48.5,48.8,47.25,47.25,0.85,27.0
2025-04-15,4581,87019.0,4396498.0,50.0,51.8,49.0,51.1,3.85,112.0
2025-04-16,4581,40178.0,2086078.0,51.5,52.5,51.1,51.5,0.4,45.0
2025-04-17,4581,13100.0,658249.0,51.5,51.5,50.0,50.2,-1.3,13.0
2025-04-18,4581,12006.0,597544.0,50.1,50.1,49.5,49.9,-0.3,22.0
2025-04-21,4581,16098.0,785213.0,48.4,49.75,48.4,48.4,-1.5,19.0
2025-04-22,4581,9301.0,445369.0,47.9,47.95,47.5,47.95,-0.45,15.0
2025-04-23,4581,15095.0,739437.0,48.6,49.5,48.55,49.5,1.55,14.0
2025-04-24,4581,4051.0,204394.0,50.5,50.9,49.95,49.95,0.45,7.0
2025-04-25,4581,11052.0,563850.0,51.0,51.1,50.9,50.9,0.95,10.0
2025-04-28,4581,1000.0,51600.0,51.6,51.6,51.6,51.6,0.7,1.0
2025-04-29,4581,20036.0,1037925.0,51.1,52.4,51.0,51.8,0.2,17.0
2025-04-30,4581,5004.0,257806.0,51.6,51.6,51.4,51.4,-0.4,5.0
2025-05-02,4581,5057.0,262260.0,51.5,52.0,51.5,52.0,0.6,8.0
2025-05-05,4581,4024.0,205123.0,51.0,51.0,51.0,51.0,-1.0,4.0
2025-05-06,4581,2000.0,102200.0,51.1,51.1,51.1,51.1,0.1,1.0
2025-05-07,4581,1038.0,53560.0,51.6,51.6,51.6,51.6,0.5,2.0
2025-05-08,4581,25020.0,1299836.0,50.0,53.6,50.0,51.2,-0.4,23.0
2025-05-09,4581,6149.0,313083.0,50.6,51.6,50.6,51.4,0.2,8.0
2025-05-12,4581,27283.0,1436696.0,50.9,53.6,50.9,52.8,1.4,31.0
2025-05-13,4581,61158.0,3372324.0,53.7,55.9,53.7,54.6,1.8,54.0
2025-05-14,4581,71456.0,4098972.0,56.3,58.0,56.3,57.5,2.9,122.0
2025-05-15,4581,47242.0,2689166.0,58.4,58.4,56.1,56.4,-1.1,41.0
2025-05-16,4581,25175.0,1426121.0,57.0,57.0,56.2,56.3,-0.1,21.0
2025-05-19,4581,10121.0,571690.0,55.7,57.0,55.7,57.0,0.7,26.0
2025-05-20,4581,16002.0,912714.0,57.0,57.3,56.8,57.0,0.0,12.0
2025-05-21,4581,9317.0,526851.0,56.5,57.2,56.1,57.2,0.2,33.0
2025-05-22,4581,1000.0,57200.0,57.2,57.2,57.2,57.2,0.0,1.0
2025-05-23,4581,17004.0,971730.0,57.2,58.5,56.8,56.8,-0.4,14.0
2025-05-26,4581,17400.0,975008.0,56.3,56.3,55.6,55.6,-1.2,21.0
2025-05-27,4581,5000.0,284300.0,56.0,57.2,56.0,57.0,1.4,5.0
2025-05-28,4581,16260.0,913549.0,56.6,56.6,56.0,56.1,-0.9,70.0
2025-05-29,4581,3000.0,168600.0,56.2,56.2,56.2,56.2,0.1,3.0
2025-06-02,4581,9535.0,537072.0,56.4,56.4,56.3,56.4,0.2,11.0
2025-06-03,4581,17000.0,952800.0,56.4,56.9,55.8,55.8,-0.6,9.0
2025-06-04,4581,1.0,55.0,0.0,0.0,0.0,0.0,0.0,1.0
2025-06-05,4581,11001.0,613855.0,56.0,56.0,55.4,55.4,0.0,12.0
2025-06-06,4581,5036.0,281713.0,55.4,56.1,55.4,56.1,0.7,7.0
2025-06-09,4581,3011.0,170419.0,56.9,56.9,56.0,56.0,-0.1,5.0
2025-06-10,4581,6050.0,342839.0,57.0,57.0,56.3,56.5,0.5,8.0
2025-06-11,4581,4126.0,231155.0,56.5,56.5,55.5,55.5,-1.0,19.0
2025-06-12,4581,26000.0,1433200.0,55.5,55.5,54.5,55.0,-0.5,17.0
2025-06-13,4581,7000.0,381400.0,54.8,54.8,54.2,54.6,-0.4,7.0
2025-06-16,4581,4000.0,219600.0,54.6,55.6,54.6,55.6,1.0,4.0
2025-06-17,4581,1000.0,55600.0,55.6,55.6,55.6,55.6,0.0,1.0
2025-06-18,4581,4000.0,221600.0,55.7,55.7,55.2,55.2,-0.4,4.0
2025-06-19,4581,8150.0,442391.0,53.6,55.2,53.6,54.3,-0.9,10.0
2025-06-20,4581,19043.0,1018087.0,53.3,54.9,53.3,54.9,0.6,24.0
2025-06-23,4581,5140.0,274130.0,53.0,53.6,53.0,53.6,-1.3,6.0
2025-06-24,4581,5000.0,269300.0,53.8,53.9,53.8,53.8,0.2,5.0
2025-06-25,4581,2001.0,106750.0,53.4,53.4,53.3,53.3,-0.5,3.0
2025-06-26,4581,10009.0,539779.0,54.7,54.7,53.5,53.5,0.2,12.0
2025-06-27,4581,17300.0,929180.0,53.2,54.0,53.2,54.0,0.5,17.0
2025-06-30,4581,11069.0,599226.0,54.0,54.4,53.9,54.4,0.4,18.0
2025-07-01,4581,3023.0,164444.0,54.4,54.4,54.4,54.4,0.0,8.0
2025-07-02,4581,6056.0,328106.0,54.0,54.3,54.0,54.2,-0.2,8.0
2025-07-03,4581,1000.0,55200.0,55.2,55.2,55.2,55.2,1.0,1.0
2025-07-04,4581,6036.0,328015.0,54.3,54.4,54.3,54.3,-0.9,7.0
2025-07-07,4581,3030.0,163523.0,53.7,54.1,53.7,54.1,-0.2,4.0
2025-07-08,4581,3000.0,161100.0,53.6,54.0,53.5,54.0,-0.1,3.0
2025-07-09,4581,2091.0,114250.0,54.7,54.7,54.6,54.6,0.6,3.0
2025-07-10,4581,47023.0,2610239.0,55.2,55.8,55.1,55.5,0.9,33.0
2025-07-11,4581,30281.0,1659659.0,56.3,56.3,54.2,55.7,0.2,32.0
2025-07-14,4581,7001.0,386356.0,55.0,55.7,55.0,55.7,0.0,4.0
2025-07-15,4581,6139.0,341991.0,55.7,55.7,55.7,55.7,0.0,12.0
2025-07-16,4581,52060.0,2880817.0,55.7,55.9,55.0,55.3,-0.4,51.0
2025-07-17,4581,14005.0,780577.0,54.6,56.1,54.6,55.8,0.5,13.0
2025-07-18,4581,27026.0,1510150.0,55.8,56.0,55.5,55.9,0.1,22.0
2025-07-21,4581,12723.0,712553.0,55.8,56.2,55.8,56.0,0.1,26.0
2025-07-22,4581,12305.0,683145.0,55.5,55.6,55.4,55.4,-0.6,19.0
2025-07-23,4581,35302.0,1944912.0,55.1,55.5,54.9,54.9,-0.5,29.0
2025-07-24,4581,14054.0,775189.0,56.0,56.0,55.0,55.0,0.1,19.0
2025-07-25,4581,17119.0,944950.0,55.2,55.4,55.1,55.2,0.2,18.0
2025-07-28,4581,32313.0,1777539.0,55.3,55.3,54.8,54.9,-0.3,84.0
2025-07-29,4581,9107.0,499976.0,55.0,55.0,54.8,54.9,0.0,20.0
2025-07-30,4581,39472.0,2188150.0,54.9,55.7,54.9,55.5,0.6,87.0
2025-07-31,4581,22554.0,1181693.0,52.3,53.0,51.8,51.8,0.0,50.0
2025-08-01,4581,10280.0,535987.0,51.8,52.4,51.6,52.4,0.6,20.0
2025-08-04,4581,5030.0,266499.0,53.1,53.1,52.7,52.7,0.3,6.0
2025-08-05,4581,13180.0,691685.0,52.0,52.7,52.0,52.2,-0.5,14.0
2025-08-06,4581,8000.0,419600.0,52.6,52.6,52.2,52.3,0.1,8.0
2025-08-07,4581,4200.0,222400.0,53.3,53.3,52.5,52.5,0.2,9.0
2025-08-08,4581,10120.0,536301.0,53.0,53.0,53.0,53.0,0.5,13.0
2025-08-11,4581,12088.0,632606.0,52.0,52.6,52.0,52.3,-0.7,14.0
2025-08-12,4581,19037.0,996242.0,52.3,52.4,52.3,52.3,0.0,14.0
2025-08-13,4581,21077.0,1098776.0,52.4,52.4,51.8,51.8,-0.5,21.0
2025-08-14,4581,3001.0,155853.0,51.8,52.0,51.8,52.0,0.2,4.0
2025-08-15,4581,24000.0,1247900.0,52.0,52.0,51.9,52.0,0.0,20.0
2025-08-18,4581,9076.0,477652.0,52.9,52.9,52.3,52.3,0.3,10.0
2025-08-19,4581,35020.0,1808843.0,52.2,52.2,51.3,51.5,-0.8,25.0
2025-08-20,4581,17428.0,891433.0,51.5,51.5,51.0,51.3,-0.2,26.0
2025-08-21,4581,54226.0,2858555.0,52.8,52.9,52.0,52.9,1.6,58.0
2025-08-22,4581,28214.0,1503383.0,53.6,53.6,53.0,53.1,0.2,41.0
2025-08-25,4581,29687.0,1601774.0,54.2,54.2,53.3,53.9,0.8,45.0
2025-08-26,4581,31203.0,1685362.0,53.9,54.2,53.6,53.9,0.0,32.0
2025-08-27,4581,110153.0,6143505.0,55.1,56.9,55.0,56.1,2.2,139.0
2025-08-28,4581,14644.0,827176.0,57.2,57.2,56.1,56.4,0.3,33.0
2025-08-29,4581,27296.0,1532382.0,56.1,56.6,55.9,56.6,0.2,82.0
2025-09-01,4581,45322.0,2548417.0,56.8,56.9,55.8,55.8,-0.8,86.0
2025-09-02,4581,40227.0,2224112.0,55.7,55.7,55.0,55.1,-0.7,36.0
2025-09-03,4581,11038.0,607505.0,55.1,55.2,54.9,54.9,-0.2,21.0
2025-09-04,4581,17102.0,948354.0,55.0,55.6,55.0,55.3,0.4,24.0
2025-09-05,4581,14489.0,804271.0,55.5,55.6,55.5,55.5,0.2,19.0
2025-09-08,4581,52130.0,2909267.0,55.8,56.1,55.6,56.1,0.6,38.0
2025-09-09,4581,49000.0,2732700.0,56.2,56.3,55.5,55.5,-0.6,27.0
2025-09-10,4581,54030.0,2965056.0,55.1,55.1,54.6,54.8,-0.7,42.0
2025-09-11,4581,5080.0,281814.0,55.9,55.9,55.1,55.1,0.3,12.0
2025-09-12,4581,22612.0,1256270.0,55.9,55.9,55.1,55.1,0.0,28.0
2025-09-15,4581,22237.0,1219540.0,55.0,55.0,54.7,55.0,-0.1,23.0
2025-09-16,4581,23382.0,1272071.0,54.6,55.0,54.1,54.4,-0.6,29.0
2025-09-17,4581,1206.0,66102.0,54.9,54.9,54.9,54.9,0.5,34.0
2025-09-18,4581,8037.0,439935.0,54.9,54.9,54.5,54.5,-0.4,10.0
2025-09-19,4581,17011.0,922597.0,54.6,54.6,54.1,54.2,-0.3,18.0
2025-09-22,4581,8446.0,462673.0,54.9,55.0,54.4,54.4,0.2,11.0
2025-09-23,4581,11066.0,604807.0,55.4,55.4,54.4,54.4,0.0,12.0
2025-09-24,4581,19236.0,1049059.0,54.4,54.9,54.1,54.3,-0.1,20.0
2025-09-25,4581,10106.0,547788.0,54.3,54.3,54.1,54.1,-0.2,14.0
2025-09-26,4581,31300.0,1679006.0,54.0,54.0,53.4,53.6,-0.5,31.0
2025-09-30,4581,15208.0,813132.0,53.6,53.6,53.3,53.3,-0.3,10.0
2025-10-01,4581,10050.0,536964.0,53.4,53.5,53.4,53.5,0.2,10.0
2025-10-02,4581,9000.0,482700.0,53.7,53.7,53.5,53.5,0.0,7.0
2025-10-03,4581,14002.0,748906.0,53.5,53.5,53.4,53.5,0.0,11.0
2025-10-07,4581,18010.0,960166.0,53.2,53.5,53.2,53.3,-0.2,17.0
2025-10-08,4581,6000.0,320800.0,53.5,53.5,53.4,53.4,0.1,5.0
2025-10-09,4581,22033.0,1191682.0,54.0,55.0,53.2,53.5,0.1,13.0
2025-10-13,4581,15333.0,824464.0,53.2,54.4,53.0,54.2,0.7,22.0
2025-10-14,4581,29000.0,1545700.0,53.6,53.6,53.1,53.2,-1.0,25.0
2025-10-15,4581,23800.0,1253737.0,52.9,53.0,52.5,53.0,-0.2,33.0
2025-10-16,4581,3020.0,159162.0,52.7,52.7,52.7,52.7,-0.3,4.0
2025-10-17,4581,9046.0,476024.0,53.0,53.0,52.5,52.7,0.0,11.0
2025-10-20,4581,50.0,2615.0,0.0,0.0,0.0,0.0,0.0,2.0
2025-10-21,4581,14000.0,734700.0,52.4,52.5,52.4,52.5,0.0,10.0
2025-10-22,4581,13007.0,682973.0,52.5,52.6,52.5,52.6,0.1,12.0
2025-10-23,4581,11000.0,578700.0,52.7,52.8,52.2,52.6,0.0,10.0
2025-10-27,4581,12650.0,672275.0,53.9,53.9,52.4,52.8,0.2,20.0
2025-10-28,4581,2000.0,105700.0,52.9,52.9,52.8,52.8,0.0,2.0
2025-10-29,4581,4000.0,212000.0,52.8,53.6,52.8,52.8,0.0,4.0
2025-10-30,4581,11015.0,581399.0,52.8,53.0,52.7,53.0,0.2,10.0
2025-10-31,4581,7080.0,374798.0,53.0,53.0,52.8,53.0,0.0,11.0
2025-11-03,4581,14000.0,747200.0,53.3,53.5,52.9,53.5,0.5,8.0
2025-11-04,4581,4000.0,214800.0,53.9,53.9,53.6,53.6,0.1,4.0
2025-11-05,4581,3025.0,160032.0,52.8,53.0,52.8,52.9,-0.7,6.0
2025-11-06,4581,17030.0,903002.0,53.5,53.5,52.9,53.0,0.1,16.0
2025-11-07,4581,8026.0,424867.0,53.0,53.1,52.9,53.1,0.1,8.0
2025-11-10,4581,1000.0,53300.0,53.3,53.3,53.3,53.3,0.2,1.0
2025-11-11,4581,8000.0,424700.0,53.4,53.4,52.9,52.9,-0.4,8.0
2025-11-12,4581,19032.0,1006899.0,53.1,53.1,52.8,52.9,0.0,15.0
2025-11-13,4581,34000.0,1830200.0,53.0,54.5,53.0,53.8,0.9,26.0
2025-11-14,4581,4258.0,226789.0,53.1,53.5,53.1,53.5,-0.3,8.0
2025-11-17,4581,7025.0,374941.0,53.5,53.6,53.1,53.1,-0.4,9.0
2025-11-18,4581,8227.0,435483.0,53.0,53.1,52.7,52.7,-0.4,13.0
2025-11-19,4581,9000.0,473800.0,52.5,53.0,52.5,52.9,0.2,8.0
2025-11-20,4581,8007.0,424170.0,53.0,53.0,52.9,53.0,0.1,9.0
2025-11-21,4581,17105.0,902186.0,52.8,52.8,52.7,52.8,-0.2,15.0
2025-11-24,4581,40100.0,2159547.0,52.8,54.8,52.7,53.8,1.0,34.0
2025-11-25,4581,6032.0,322913.0,53.8,53.8,53.3,53.5,-0.3,7.0
2025-11-26,4581,4100.0,219350.0,53.5,53.5,53.5,53.5,0.0,4.0
2025-11-27,4581,18031.0,979077.0,54.2,54.5,53.9,53.9,0.4,14.0
2025-11-28,4581,5000.0,270900.0,54.1,54.2,54.1,54.2,0.3,4.0
2025-12-01,4581,29077.0,1551539.0,53.8,53.8,53.0,53.3,-0.9,26.0
2025-12-02,4581,20075.0,1070675.0,53.7,53.9,53.0,53.0,-0.3,16.0
2025-12-03,4581,16022.0,848105.0,53.0,53.1,52.7,52.9,-0.1,17.0
2025-12-04,4581,38915.0,2049296.0,53.0,53.0,52.5,52.7,-0.2,30.0
2025-12-05,4581,33006.0,1738515.0,53.5,53.5,52.5,52.9,0.2,22.0
2025-12-08,4581,26098.0,1369810.0,53.2,53.2,52.2,52.3,-0.6,19.0
2025-12-09,4581,13001.0,682355.0,52.6,52.6,52.4,52.4,0.1,6.0
2025-12-10,4581,50092.0,2617821.0,52.5,52.5,52.0,52.0,-0.4,38.0
2025-12-11,4581,17119.0,890510.0,52.0,52.1,52.0,52.0,0.0,18.0
2025-12-12,4581,2000.0,105000.0,52.6,52.6,52.4,52.4,0.4,2.0
2025-12-15,4581,37000.0,1935200.0,52.8,52.8,51.8,52.2,-0.2,23.0
2025-12-16,4581,57063.0,2941021.0,52.3,52.3,51.0,51.3,-0.9,43.0
2025-12-17,4581,15291.0,786268.0,51.3,51.7,51.3,51.3,0.0,19.0
2025-12-18,4581,16033.0,820488.0,51.2,51.3,51.1,51.1,-0.2,17.0
2025-12-19,4581,7319.0,374526.0,51.1,51.3,51.1,51.3,0.2,13.0
2025-12-22,4581,19111.0,981079.0,52.2,52.2,51.2,51.4,0.1,36.0
2025-12-23,4581,11000.0,563900.0,51.3,51.3,51.2,51.2,-0.2,11.0
2025-12-24,4581,8029.0,410996.0,51.2,51.2,51.1,51.2,0.0,9.0
2025-12-26,4581,9070.0,464583.0,51.2,51.3,51.2,51.2,0.0,11.0
2025-12-29,4581,22020.0,1129723.0,51.1,51.4,51.1,51.3,0.1,18.0
2025-12-30,4581,1050.0,53770.0,51.2,51.2,51.2,51.2,-0.1,2.0
2025-12-31,4581,23170.0,1188294.0,51.2,51.7,51.0,51.7,0.5,19.0
2026-01-02,4581,8146.0,420561.0,51.7,51.7,51.6,51.6,-0.1,15.0
2026-01-05,4581,5126.0,263189.0,51.3,51.4,51.3,51.3,-0.3,5.0
2026-01-06,4581,6011.0,308375.0,51.3,51.3,51.3,51.3,0.0,6.0
2026-01-07,4581,10066.0,516747.0,51.3,51.4,51.3,51.4,0.1,11.0
2026-01-08,4581,11227.0,575111.0,51.2,51.6,51.1,51.2,-0.2,13.0
2026-01-09,4581,0.0,0.0,0.0,0.0,0.0,0.0,0.0,0.0
2026-01-12,4581,19301.0,993549.0,51.2,51.7,51.2,51.7,0.0,23.0
2026-01-13,4581,14046.0,726089.0,51.7,51.8,51.6,51.8,0.1,13.0
2026-01-14,4581,7000.0,363500.0,51.8,52.1,51.8,52.1,0.3,7.0
2026-01-15,4581,101766.0,5227632.0,51.7,52.1,51.1,51.1,-1.0,87.0
2026-01-16,4581,92209.0,4860079.0,52.0,53.4,51.6,53.2,2.1,124.0
2026-01-19,4581,56857.0,3012569.0,53.3,53.3,52.4,53.0,-0.2,68.0
2026-01-20,4581,63348.0,3318268.0,53.0,53.0,52.0,52.0,-1.0,56.0
2026-01-21,4581,46339.0,2406243.0,51.7,52.2,51.7,52.0,0.0,88.0
2026-01-22,4581,18111.0,941893.0,52.2,52.5,51.8,52.1,0.1,18.0
2026-01-23,4581,88404.0,4561969.0,52.3,52.3,51.3,51.3,-0.8,147.0
2026-01-26,4581,32500.0,1683649.0,51.4,52.0,51.4,52.0,0.7,29.0
2026-01-27,4581,57374.0,2957195.0,52.0,52.0,51.4,51.5,-0.5,47.0
2026-01-28,4581,43196.0,2244224.0,51.9,52.4,51.6,52.0,0.5,39.0
2026-01-29,4581,23083.0,1188584.0,51.6,51.8,51.4,51.8,-0.2,34.0
2026-01-30,4581,17000.0,869800.0,51.2,51.5,51.1,51.1,-0.7,17.0
2026-02-02,4581,32120.0,1627250.0,51.1,51.1,50.3,50.7,-0.4,31.0
2026-02-03,4581,10000.0,506900.0,50.8,50.8,50.6,50.7,0.0,10.0
2026-02-04,4581,21000.0,1067800.0,50.8,51.0,50.8,51.0,0.3,11.0
2026-02-05,4581,4001.0,204052.0,51.0,51.0,51.0,51.0,0.0,4.0
2026-02-06,4581,33242.0,1681556.0,50.8,50.8,50.4,50.5,-0.5,25.0
2026-02-09,4581,4017.0,203463.0,50.6,50.7,50.6,50.7,0.2,5.0
2026-02-10,4581,7120.0,363120.0,50.9,51.2,50.8,50.8,0.1,8.0
2026-02-11,4581,12090.0,614690.0,50.8,51.0,50.7,51.0,0.2,13.0
2026-02-23,4581,25054.0,1274149.0,50.8,51.2,50.7,51.1,0.1,29.0
2026-02-24,4581,9035.0,463406.0,51.4,51.5,50.9,50.9,-0.2,7.0
2026-02-25,4581,20012.0,1018213.0,50.8,51.2,50.7,51.0,0.1,22.0
2026-02-26,4581,36100.0,1834540.0,50.8,51.0,50.7,50.9,-0.1,15.0
2026-03-02,4581,22111.0,1115741.0,50.9,50.9,50.2,50.5,-0.4,40.0
2026-03-03,4581,13199.0,668169.0,50.5,50.9,50.5,50.7,0.2,15.0
2026-03-04,4581,30240.0,1513563.0,50.1,50.2,49.9,49.9,-0.8,35.0
2026-03-05,4581,11002.0,548600.0,50.1,50.1,49.6,49.85,-0.05,12.0
2026-03-06,4581,2000.0,100150.0,49.85,50.3,49.85,50.3,0.45,2.0
2026-03-09,4581,42254.0,2067191.0,50.0,50.0,47.1,49.2,-1.1,27.0
2026-03-10,4581,17000.0,836100.0,49.25,49.3,49.0,49.3,0.1,13.0
2026-03-11,4581,12000.0,599100.0,49.6,50.3,49.6,50.0,0.7,10.0
2026-03-12,4581,14099.0,707515.0,50.5,50.6,49.8,49.9,-0.1,13.0
2026-03-13,4581,20199.0,1000950.0,49.6,49.75,49.5,49.55,-0.35,157.0
2026-03-16,4581,21253.0,1052781.0,49.55,49.8,49.5,49.75,0.2,28.0
2026-03-17,4581,4020.0,200000.0,49.65,49.85,49.65,49.85,0.1,5.0
2026-03-18,4581,7760.0,387500.0,50.0,50.2,49.7,49.7,-0.15,16.0
2026-03-19,4581,27153.0,1339757.0,49.5,49.5,49.2,49.2,-0.5,18.0
2026-03-20,4581,3302.0,162753.0,49.3,49.35,49.3,49.3,0.1,13.0
2026-03-23,4581,18300.0,895602.0,49.0,49.3,48.5,48.65,-0.65,22.0
2026-03-24,4581,29500.0,1434396.0,48.7,48.8,48.5,48.65,0.0,33.0
2026-03-25,4581,25000.0,1230650.0,49.5,49.5,49.0,49.0,0.35,14.0
2026-03-26,4581,21602.0,1066771.0,49.0,49.8,49.0,49.5,0.5,25.0
2026-03-27,4581,6051.0,298327.0,49.2,49.7,49.1,49.5,0.0,12.0
2026-03-30,4581,8070.0,394004.0,48.9,48.9,48.8,48.8,-0.7,11.0
2026-03-31,4581,1000.0,49100.0,49.1,49.1,49.1,49.1,0.3,1.0
2026-04-01,4581,9126.0,448036.0,48.8,49.45,48.8,49.1,0.0,9.0
2026-04-02,4581,4000.0,195800.0,49.0,49.0,48.8,49.0,-0.1,3.0
2026-04-07,4581,2061.0,100689.0,48.8,48.9,48.8,48.9,-0.1,14.0
2026-04-08,4581,6000.0,296850.0,49.0,49.85,49.0,49.85,0.95,4.0
2026-04-09,4581,12022.0,600490.0,49.45,50.2,49.45,50.0,0.15,16.0
2026-04-10,4581,6044.0,301400.0,50.0,50.0,49.7,49.9,-0.1,9.0
2026-04-13,4581,3002.0,150599.0,50.0,50.5,50.0,50.5,0.6,4.0
2026-04-14,4581,22000.0,1101900.0,50.1,50.4,49.9,49.9,-0.6,19.0
2026-04-15,4581,26020.0,1306108.0,50.4,50.5,50.0,50.2,0.3,16.0
2026-04-16,4581,12197.0,612604.0,50.5,50.5,50.1,50.4,0.2,16.0
2026-04-17,4581,32093.0,1623902.0,50.4,51.0,50.4,51.0,0.6,31.0
2026-04-20,4581,6217.0,314567.0,51.0,51.0,50.4,50.9,-0.1,12.0
2026-04-21,4581,22179.0,1127117.0,50.5,51.2,50.5,50.7,-0.2,21.0
2026-04-22,4581,11198.0,562137.0,50.1,50.4,50.0,50.4,-0.3,15.0
2026-04-23,4581,18161.0,917530.0,50.5,50.7,50.3,50.7,0.3,16.0
2026-04-24,4581,2012.0,101207.0,50.2,50.4,50.2,50.4,-0.3,3.0
2026-04-27,4581,15097.0,759203.0,50.4,51.0,49.9,49.9,-0.5,17.0
2026-04-28,4581,13079.0,656729.0,49.7,50.8,49.7,49.9,0.0,13.0
2026-04-29,4581,17000.0,843300.0,49.5,49.85,49.5,49.7,-0.2,15.0
2026-04-30,4581,14040.0,696839.0,49.95,49.95,49.5,49.5,-0.2,13.0
2026-05-04,4581,15010.0,745899.0,49.6,49.9,49.6,49.75,0.25,12.0
2026-05-05,4581,22165.0,1098796.0,49.7,49.85,49.4,49.7,-0.05,24.0
2026-05-06,4581,85010.0,4390620.0,50.4,52.8,50.4,50.7,1.0,64.0
2026-05-07,4581,21098.0,1068398.0,50.6,50.9,50.3,50.8,0.1,21.0
2026-05-08,4581,13221.0,666030.0,50.6,50.6,50.0,50.0,-0.8,19.0
2026-05-11,4581,16000.0,813000.0,50.7,51.5,50.4,51.0,1.0,16.0
2026-05-12,4581,76041.0,3794225.0,50.4,50.5,49.4,49.8,-1.2,51.0
2026-05-13,4581,3101.0,153758.0,49.35,50.0,49.35,50.0,0.2,8.0
2026-05-14,4581,17040.0,848208.0,50.0,50.2,49.4,49.4,-0.6,17.0
2026-05-15,4581,20000.0,999450.0,50.0,50.0,49.7,49.95,0.55,17.0
2026-05-18,4581,10050.0,495497.0,49.3,49.35,49.25,49.25,-0.7,10.0
2026-05-19,4581,5000.0,245900.0,49.15,49.25,49.15,49.2,-0.05,5.0
2026-05-20,4581,6012.0,296190.0,49.2,49.5,49.2,49.5,0.3,6.0
2026-05-21,4581,7000.0,346500.0,49.7,49.7,49.45,49.45,-0.05,7.0
2026-05-22,4581,15047.0,747397.0,49.45,49.8,49.45,49.45,0.0,17.0
2026-05-25,4581,36009.0,1792745.0,49.45,50.4,49.45,50.4,0.95,17.0
2026-05-26,4581,24008.0,1207703.0,50.4,50.5,50.0,50.1,-0.3,16.0
2026-05-27,4581,26095.0,1302458.0,49.95,50.0,49.8,49.8,-0.3,20.0
2026-05-28,4581,50555.0,2529550.0,50.4,50.5,49.65,49.65,-0.15,37.0
2026-05-29,4581,38008.0,1892154.0,49.8,50.3,49.5,49.5,-0.15,24.0
2026-06-01,4581,22162.0,1104941.0,49.3,50.0,49.3,49.8,0.3,21.0
2026-06-02,4581,2117.0,105415.0,49.8,49.8,49.8,49.8,0.0,6.0
2026-06-03,4581,15340.0,766610.0,49.8,50.1,49.8,49.9,0.1,21.0
2026-06-04,4581,22000.0,1099400.0,49.9,50.3,49.9,49.9,0.0,13.0
2026-06-05,4581,0.0,0.0,0.0,0.0,0.0,0.0,0.0,0.0
2026-06-08,4581,7146.0,355411.0,49.0,50.2,49.0,49.9,0.0,13.0
2026-06-09,4581,24326.0,1207386.0,49.3,49.85,49.3,49.55,-0.35,26.0
2026-06-10,4581,10028.0,497038.0,49.4,50.0,49.4,49.7,0.15,10.0
2026-06-11,4581,12003.0,595146.0,49.5,49.85,49.5,49.85,0.15,12.0
2026-06-12,4581,22034.0,1093545.0,49.8,49.85,49.5,49.65,-0.2,21.0
2026-06-15,4581,10002.0,496949.0,49.6,49.8,49.6,49.8,0.15,11.0
2026-06-16,4581,11001.0,548849.0,50.0,50.0,49.8,49.8,0.0,12.0
2026-06-17,4581,7078.0,353238.0,49.8,49.9,49.8,49.9,0.1,9.0
2026-06-18,4581,8010.0,400479.0,50.0,50.0,49.95,49.95,0.05,7.0
2026-06-22,4581,20076.0,1003398.0,49.95,50.0,49.95,50.0,0.05,16.0
2026-06-23,4581,21012.0,1052507.0,50.0,50.4,49.95,50.0,0.0,15.0
2026-06-24,4581,13058.0,654187.0,50.0,50.2,50.0,50.2,0.2,13.0
2026-06-25,4581,13003.0,649901.0,50.0,50.0,49.95,49.95,-0.25,12.0
2026-06-26,4581,16005.0,800199.0,50.0,50.0,49.95,50.0,0.05,15.0
2026-06-29,4581,7001.0,350050.0,50.0,50.0,50.0,50.0,0.0,5.0
2026-06-30,4581,18000.0,899850.0,50.0,50.1,49.95,49.95,-0.05,12.0
2026-07-01,4581,15012.0,750701.0,50.0,50.1,50.0,50.1,0.15,11.0
2026-07-02,4581,4091.0,204954.0,50.1,50.1,50.1,50.1,0.0,10.0
2026-07-03,4581,6006.0,300697.0,50.0,50.2,50.0,50.2,0.1,7.0
2026-07-06,4581,12000.0,604800.0,50.2,50.8,50.2,50.8,0.6,9.0
2026-07-07,4581,20029.0,1012770.0,50.7,50.7,50.4,50.5,-0.3,14.0
2026-07-08,4581,17032.0,854941.0,50.3,50.5,50.1,50.5,0.0,18.0
2026-07-09,4581,1056.0,53338.0,50.5,50.5,50.5,50.5,0.0,5.0
2026-07-13,4581,35228.0,1795739.0,50.8,51.0,50.6,51.0,0.5,24.0
2026-07-14,4581,12100.0,609710.0,50.6,50.6,50.1,50.5,-0.5,12.0
2026-07-15,4581,6012.0,307118.0,51.5,51.5,50.5,50.7,0.2,7.0
2026-07-16,4581,7149.0,361867.0,50.5,50.8,50.5,50.8,0.1,9.0
2026-07-17,4581,22070.0,1110462.0,50.5,51.0,50.1,50.8,0.0,20.0
2026-07-20,4581,14033.0,715613.0,51.4,51.4,50.5,51.0,0.2,15.0
2026-07-21,4581,1034.0,52762.0,51.0,51.0,51.0,51.0,0.0,3.0
2026-07-22,4581,21000.0,1056500.0,50.6,50.6,50.1,50.3,-0.7,20.0
2026-07-23,4581,3000.0,152300.0,50.3,51.0,50.3,51.0,0.7,3.0
2026-07-24,4581,27334.0,1403421.0,51.0,52.2,50.1,51.2,0.2,31.0
2026-07-27,4581,4000.0,203100.0,50.7,51.2,50.6,51.2,0.0,4.0
2026-07-28,4581,19039.0,958796.0,50.3,50.7,50.3,50.7,-0.5,15.0
2026-07-29,4581,50632.0,2548720.0,51.9,51.9,50.0,50.8,0.1,39.0
2026-07-30,4581,10239.0,513537.0,50.1,50.5,49.9,50.0,-0.8,14.0
2026-07-31,4581,2010.0,101818.0,50.4,50.9,50.4,50.9,0.9,3.0
2026-08-03,4581,5131.0,260956.0,51.1,51.1,50.7,50.8,-0.1,9.0
2026-08-04,4581,18037.0,911751.0,49.95,51.6,49.95,51.3,0.5,21.0
2026-08-05,4581,4131.0,211346.0,51.3,51.3,50.8,51.0,-0.3,8.0
2026-08-06,4581,12314.0,629315.0,51.0,51.3,50.9,51.3,0.3,39.0
2026-08-07,4581,19246.0,975305.0,51.3,51.5,50.5,50.5,-0.8,33.0
2026-08-10,4581,40421.0,2082391.0,50.7,51.8,50.7,51.7,1.2,68.0
2026-08-11,4581,74604.0,3830397.0,51.7,52.3,51.0,51.5,-0.2,103.0
2026-08-12,4581,36056.0,1739470.0,47.15,48.65,47.1,48.2,0.0,44.0
2026-08-13,4581,18249.0,879660.0,48.2,48.55,47.8,48.2,0.0,29.0
2026-08-14,4581,24086.0,1151372.0,48.0,48.0,47.7,47.85,-0.35,26.0
2026-08-17,4581,8252.0,393913.0,47.65,48.1,47.6,48.1,0.25,17.0
2026-08-18,4581,5015.0,239869.0,48.1,48.1,47.7,47.85,-0.25,6.0
2026-08-19,4581,4103.0,194629.0,47.3,47.85,47.25,47.85,0.0,6.0
2026-08-20,4581,7039.0,337622.0,47.65,48.75,47.6,48.75,0.9,8.0
2026-08-21,4581,1042.0,50268.0,48.25,48.25,48.25,48.25,-0.5,3.0
2026-08-24,4581,6362.0,303436.0,47.8,47.8,47.55,47.75,-0.5,17.0
2026-08-25,4581,9084.0,435396.0,47.9,48.8,47.55,48.2,0.45,19.0
2026-08-26,4581,4120.0,198954.0,48.0,48.65,48.0,48.55,0.35,6.0
2026-08-27,4581,13115.0,627342.0,47.65,48.2,47.65,48.2,-0.35,16.0
2026-08-28,4581,10067.0,483532.0,48.75,48.75,47.75,47.9,-0.3,12.0
2026-08-31,4581,10222.0,487036.0,47.8,47.8,47.5,47.55,-0.35,11.0
2026-09-01,4581,0.0,0.0,0.0,0.0,0.0,0.0,0.0,0.0
2026-09-02,4581,2004.0,96192.0,47.7,48.3,47.7,48.3,0.0,6.0
2026-09-03,4581,1000.0,48000.0,48.0,48.0,48.0,48.0,-0.3,1.0
2026-09-04,4581,5149.0,245588.0,47.4,48.0,47.4,48.0,0.0,14.0
2026-09-07,4581,6100.0,292540.0,47.85,48.0,47.85,48.0,0.0,7.0
2026-09-09,4581,8247.0,392830.0,47.9,47.95,47.35,47.35,0.0,10.0
2026-09-10,4581,10000.0,474350.0,47.5,47.6,47.25,47.25,-0.1,7.0
2026-09-11,4581,6020.0,283850.0,47.15,47.2,47.1,47.15,-0.1,7.0
2026-09-14,4581,3084.0,145390.0,47.1,47.15,47.1,47.15,0.0,5.0
2026-09-15,4581,7040.0,331942.0,47.15,47.15,47.15,47.15,0.0,8.0
2026-09-16,4581,13001.0,623947.0,47.9,48.0,47.9,48.0,0.85,10.0
2026-09-17,4581,16003.0,771242.0,48.3,48.3,48.0,48.1,0.1,10.0
2026-09-18,4581,2000.0,96600.0,48.3,48.3,48.3,48.3,0.2,2.0
2026-09-21,4581,8000.0,387200.0,48.25,48.5,48.25,48.45,0.15,7.0
2026-09-22,4581,2000.0,96700.0,48.35,48.35,48.35,48.35,-0.1,2.0
2026-09-23,4581,2000.0,96850.0,48.4,48.45,48.4,48.45,0.1,2.0
2026-09-24,4581,1000.0,47750.0,47.75,47.75,47.75,47.75,-0.7,1.0
2026-09-29,4581,1000.0,47700.0,47.7,47.7,47.7,47.7,-0.05,1.0
2026-09-30,4581,12000.0,575800.0,47.7,48.2,47.7,48.2,0.5,10.0
2026-10-01,4581,3045.0,145519.0,47.75,47.85,47.75,47.85,-0.35,6.0
2026-10-02,4581,6000.0,287000.0,47.4,48.0,47.4,48.0,0.15,6.0
2026-10-05,4581,7017.0,337266.0,48.4,48.4,47.65,48.0,0.0,8.0
2026-10-06,4581,8000.0,383450.0,48.0,48.0,47.55,48.0,0.0,6.0
2026-10-07,4581,14013.0,673034.0,48.0,48.1,48.0,48.1,0.1,12.0
