date,stock_id,buy,name,sell
2025-01-02,2247,0,Dealer_Hedging,0
2025-01-02,2247,4000,Dealer_self,1000
2025-01-02,2247,0,Foreign_Dealer_Self,0
2025-01-02,2247,10412,Foreign_Investor,12000
2025-01-02,2247,0,Investment_Trust,0
2025-01-03,2247,0,Dealer_Hedging,0
2025-01-03,2247,0,Dealer_self,0
2025-01-03,2247,0,Foreign_Dealer_Self,0
2025-01-03,2247,2000,Foreign_Investor,3000
2025-01-03,2247,0,Investment_Trust,0
2025-01-06,2247,0,Dealer_Hedging,0
2025-01-06,2247,1000,Dealer_self,0
2025-01-06,2247,0,Foreign_Dealer_Self,0
2025-01-06,2247,12000,Foreign_Investor,11000
2025-01-06,2247,0,Investment_Trust,0
2025-01-07,2247,0,Dealer_Hedging,0
2025-01-07,2247,0,Dealer_self,0
2025-01-07,2247,0,Foreign_Dealer_Self,0
2025-01-07,2247,1000,Foreign_Investor,11000
2025-01-07,2247,0,Investment_Trust,0
2025-01-08,2247,0,Dealer_Hedging,0
2025-01-08,2247,0,Dealer_self,0
2025-01-08,2247,0,Foreign_Dealer_Self,0
2025-01-08,2247,12000,Foreign_Investor,6000
2025-01-08,2247,0,Investment_Trust,1000
2025-01-09,2247,0,Dealer_Hedging,0
2025-01-09,2247,0,Dealer_self,0
2025-01-09,2247,0,Foreign_Dealer_Self,0
2025-01-09,2247,8000,Foreign_Investor,7000
2025-01-09,2247,0,Investment_Trust,0
2025-01-10,2247,0,Dealer_Hedging,0
2025-01-10,2247,0,Dealer_self,1000
2025-01-10,2247,0,Foreign_Dealer_Self,0
2025-01-10,2247,6000,Foreign_Investor,8000
2025-01-10,2247,0,Investment_Trust,0
2025-01-13,2247,0,Dealer_Hedging,0
2025-01-13,2247,0,Dealer_self,4000
2025-01-13,2247,0,Foreign_Dealer_Self,0
2025-01-13,2247,16000,Foreign_Investor,20000
2025-01-13,2247,0,Investment_Trust,0
2025-01-14,2247,0,Dealer_Hedging,0
2025-01-14,2247,0,Dealer_self,0
2025-01-14,2247,0,Foreign_Dealer_Self,0
2025-01-14,2247,25000,Foreign_Investor,10000
2025-01-14,2247,0,Investment_Trust,0
2025-01-15,2247,0,Dealer_Hedging,0
2025-01-15,2247,1000,Dealer_self,0
2025-01-15,2247,0,Foreign_Dealer_Self,0
2025-01-15,2247,11024,Foreign_Investor,3000
2025-01-15,2247,0,Investment_Trust,10000
2025-01-16,2247,0,Dealer_Hedging,0
2025-01-16,2247,0,Dealer_self,0
2025-01-16,2247,0,Foreign_Dealer_Self,0
2025-01-16,2247,1000,Foreign_Investor,3000
2025-01-16,2247,0,Investment_Trust,10000
2025-01-17,2247,0,Dealer_Hedging,0
2025-01-17,2247,0,Dealer_self,0
2025-01-17,2247,0,Foreign_Dealer_Self,0
2025-01-17,2247,2000,Foreign_Investor,3000
2025-01-17,2247,0,Investment_Trust,18000
2025-01-20,2247,0,Dealer_Hedging,0
2025-01-20,2247,0,Dealer_self,0
2025-01-20,2247,0,Foreign_Dealer_Self,0
2025-01-20,2247,2000,Foreign_Investor,4000
2025-01-20,2247,0,Investment_Trust,0
2025-01-21,2247,0,Dealer_Hedging,0
2025-01-21,2247,0,Dealer_self,0
2025-01-21,2247,0,Foreign_Dealer_Self,0
2025-01-21,2247,1000,Foreign_Investor,3168
2025-01-21,2247,0,Investment_Trust,0
2025-01-22,2247,0,Dealer_Hedging,0
2025-01-22,2247,0,Dealer_self,0
2025-01-22,2247,0,Foreign_Dealer_Self,0
2025-01-22,2247,6000,Foreign_Investor,2000
2025-01-22,2247,0,Investment_Trust,0
2025-02-03,2247,0,Dealer_Hedging,0
2025-02-03,2247,0,Dealer_self,1000
2025-02-03,2247,0,Foreign_Dealer_Self,0
2025-02-03,2247,13000,Foreign_Investor,11426
2025-02-03,2247,0,Investment_Trust,0
2025-02-04,2247,0,Dealer_Hedging,0
2025-02-04,2247,0,Dealer_self,0
2025-02-04,2247,0,Foreign_Dealer_Self,0
2025-02-04,2247,3000,Foreign_Investor,19000
2025-02-04,2247,0,Investment_Trust,0
2025-02-05,2247,0,Dealer_Hedging,0
2025-02-05,2247,0,Dealer_self,0
2025-02-05,2247,0,Foreign_Dealer_Self,0
2025-02-05,2247,8481,Foreign_Investor,11000
2025-02-05,2247,0,Investment_Trust,0
2025-02-06,2247,0,Dealer_Hedging,0
2025-02-06,2247,0,Dealer_self,0
2025-02-06,2247,0,Foreign_Dealer_Self,0
2025-02-06,2247,18000,Foreign_Investor,3000
2025-02-06,2247,0,Investment_Trust,0
2025-02-07,2247,0,Dealer_Hedging,0
2025-02-07,2247,0,Dealer_self,0
2025-02-07,2247,0,Foreign_Dealer_Self,0
2025-02-07,2247,9481,Foreign_Investor,4000
2025-02-07,2247,0,Investment_Trust,0
2025-02-10,2247,0,Dealer_Hedging,0
2025-02-10,2247,0,Dealer_self,0
2025-02-10,2247,0,Foreign_Dealer_Self,0
2025-02-10,2247,4000,Foreign_Investor,7000
2025-02-10,2247,0,Investment_Trust,0
2025-02-11,2247,0,Dealer_Hedging,0
2025-02-11,2247,0,Dealer_self,0
2025-02-11,2247,0,Foreign_Dealer_Self,0
2025-02-11,2247,5481,Foreign_Investor,9000
2025-02-11,2247,0,Investment_Trust,0
2025-02-12,2247,0,Dealer_Hedging,0
2025-02-12,2247,4000,Dealer_self,0
2025-02-12,2247,0,Foreign_Dealer_Self,0
2025-02-12,2247,11000,Foreign_Investor,9000
2025-02-12,2247,0,Investment_Trust,0
2025-02-13,2247,0,Dealer_Hedging,0
2025-02-13,2247,0,Dealer_self,0
2025-02-13,2247,0,Foreign_Dealer_Self,0
2025-02-13,2247,4481,Foreign_Investor,10000
2025-02-13,2247,0,Investment_Trust,0
2025-02-14,2247,0,Dealer_Hedging,0
2025-02-14,2247,0,Dealer_self,0
2025-02-14,2247,0,Foreign_Dealer_Self,0
2025-02-14,2247,3000,Foreign_Investor,23000
2025-02-14,2247,0,Investment_Trust,0
2025-02-17,2247,0,Dealer_Hedging,0
2025-02-17,2247,0,Dealer_self,0
2025-02-17,2247,0,Foreign_Dealer_Self,0
2025-02-17,2247,10481,Foreign_Investor,13000
2025-02-17,2247,0,Investment_Trust,0
2025-02-18,2247,0,Dealer_Hedging,0
2025-02-18,2247,0,Dealer_self,0
2025-02-18,2247,0,Foreign_Dealer_Self,0
2025-02-18,2247,2000,Foreign_Investor,3000
2025-02-18,2247,0,Investment_Trust,0
2025-02-19,2247,0,Dealer_Hedging,0
2025-02-19,2247,0,Dealer_self,0
2025-02-19,2247,0,Foreign_Dealer_Self,0
2025-02-19,2247,6000,Foreign_Investor,6481
2025-02-19,2247,0,Investment_Trust,0
2025-02-20,2247,0,Dealer_Hedging,0
2025-02-20,2247,0,Dealer_self,0
2025-02-20,2247,0,Foreign_Dealer_Self,0
2025-02-20,2247,10000,Foreign_Investor,6000
2025-02-20,2247,0,Investment_Trust,0
2025-02-21,2247,0,Dealer_Hedging,0
2025-02-21,2247,0,Dealer_self,0
2025-02-21,2247,0,Foreign_Dealer_Self,0
2025-02-21,2247,24451,Foreign_Investor,2000
2025-02-21,2247,0,Investment_Trust,0
2025-02-24,2247,0,Dealer_Hedging,0
2025-02-24,2247,0,Dealer_self,0
2025-02-24,2247,0,Foreign_Dealer_Self,0
2025-02-24,2247,5000,Foreign_Investor,5000
2025-02-24,2247,0,Investment_Trust,0
2025-02-25,2247,0,Dealer_Hedging,0
2025-02-25,2247,1000,Dealer_self,0
2025-02-25,2247,0,Foreign_Dealer_Self,0
2025-02-25,2247,22001,Foreign_Investor,7000
2025-02-25,2247,0,Investment_Trust,0
2025-02-26,2247,0,Dealer_Hedging,0
2025-02-26,2247,0,Dealer_self,0
2025-02-26,2247,0,Foreign_Dealer_Self,0
2025-02-26,2247,22001,Foreign_Investor,4000
2025-02-26,2247,0,Investment_Trust,0
2025-02-27,2247,0,Dealer_Hedging,0
2025-02-27,2247,0,Dealer_self,0
2025-02-27,2247,0,Foreign_Dealer_Self,0
2025-02-27,2247,47149,Foreign_Investor,14000
2025-02-27,2247,0,Investment_Trust,0
2025-03-03,2247,0,Dealer_Hedging,0
2025-03-03,2247,0,Dealer_self,1000
2025-03-03,2247,0,Foreign_Dealer_Self,0
2025-03-03,2247,51182,Foreign_Investor,59000
2025-03-03,2247,45000,Investment_Trust,0
2025-03-04,2247,0,Dealer_Hedging,0
2025-03-04,2247,13000,Dealer_self,1000
2025-03-04,2247,0,Foreign_Dealer_Self,0
2025-03-04,2247,27000,Foreign_Investor,28000
2025-03-04,2247,56000,Investment_Trust,0
2025-03-05,2247,0,Dealer_Hedging,0
2025-03-05,2247,0,Dealer_self,0
2025-03-05,2247,0,Foreign_Dealer_Self,0
2025-03-05,2247,31000,Foreign_Investor,24000
2025-03-05,2247,39000,Investment_Trust,0
2025-03-06,2247,0,Dealer_Hedging,0
2025-03-06,2247,0,Dealer_self,0
2025-03-06,2247,0,Foreign_Dealer_Self,0
2025-03-06,2247,41010,Foreign_Investor,16660
2025-03-06,2247,54000,Investment_Trust,0
2025-03-07,2247,0,Dealer_Hedging,0
2025-03-07,2247,0,Dealer_self,0
2025-03-07,2247,0,Foreign_Dealer_Self,0
2025-03-07,2247,90000,Foreign_Investor,17804
2025-03-07,2247,48000,Investment_Trust,0
2025-03-10,2247,0,Dealer_Hedging,0
2025-03-10,2247,0,Dealer_self,1000
2025-03-10,2247,0,Foreign_Dealer_Self,0
2025-03-10,2247,50000,Foreign_Investor,9000
2025-03-10,2247,60000,Investment_Trust,0
2025-03-11,2247,0,Dealer_Hedging,0
2025-03-11,2247,7000,Dealer_self,5000
2025-03-11,2247,0,Foreign_Dealer_Self,0
2025-03-11,2247,129000,Foreign_Investor,20000
2025-03-11,2247,48000,Investment_Trust,0
2025-03-12,2247,0,Dealer_Hedging,0
2025-03-12,2247,0,Dealer_self,0
2025-03-12,2247,0,Foreign_Dealer_Self,0
2025-03-12,2247,147000,Foreign_Investor,13264
2025-03-12,2247,78000,Investment_Trust,0
2025-03-13,2247,0,Dealer_Hedging,0
2025-03-13,2247,4000,Dealer_self,5000
2025-03-13,2247,0,Foreign_Dealer_Self,0
2025-03-13,2247,64000,Foreign_Investor,93000
2025-03-13,2247,112000,Investment_Trust,0
2025-03-14,2247,0,Dealer_Hedging,0
2025-03-14,2247,0,Dealer_self,2000
2025-03-14,2247,0,Foreign_Dealer_Self,0
2025-03-14,2247,67000,Foreign_Investor,21000
2025-03-14,2247,70000,Investment_Trust,0
2025-03-17,2247,0,Dealer_Hedging,0
2025-03-17,2247,0,Dealer_self,0
2025-03-17,2247,0,Foreign_Dealer_Self,0
2025-03-17,2247,28000,Foreign_Investor,13000
2025-03-17,2247,10000,Investment_Trust,0
2025-03-18,2247,0,Dealer_Hedging,0
2025-03-18,2247,0,Dealer_self,4000
2025-03-18,2247,0,Foreign_Dealer_Self,0
2025-03-18,2247,22000,Foreign_Investor,20000
2025-03-18,2247,0,Investment_Trust,0
2025-03-19,2247,0,Dealer_Hedging,0
2025-03-19,2247,2000,Dealer_self,9000
2025-03-19,2247,0,Foreign_Dealer_Self,0
2025-03-19,2247,22000,Foreign_Investor,12000
2025-03-19,2247,0,Investment_Trust,0
2025-03-20,2247,0,Dealer_Hedging,0
2025-03-20,2247,1000,Dealer_self,1000
2025-03-20,2247,0,Foreign_Dealer_Self,0
2025-03-20,2247,17000,Foreign_Investor,11059
2025-03-20,2247,0,Investment_Trust,0
2025-03-21,2247,0,Dealer_Hedging,0
2025-03-21,2247,0,Dealer_self,6000
2025-03-21,2247,0,Foreign_Dealer_Self,0
2025-03-21,2247,12015,Foreign_Investor,16000
2025-03-21,2247,0,Investment_Trust,0
2025-03-24,2247,0,Dealer_Hedging,0
2025-03-24,2247,0,Dealer_self,0
2025-03-24,2247,0,Foreign_Dealer_Self,0
2025-03-24,2247,2000,Foreign_Investor,7000
2025-03-24,2247,0,Investment_Trust,0
2025-03-25,2247,0,Dealer_Hedging,0
2025-03-25,2247,0,Dealer_self,0
2025-03-25,2247,0,Foreign_Dealer_Self,0
2025-03-25,2247,26000,Foreign_Investor,17000
2025-03-25,2247,0,Investment_Trust,0
2025-03-26,2247,0,Dealer_Hedging,0
2025-03-26,2247,0,Dealer_self,0
2025-03-26,2247,0,Foreign_Dealer_Self,0
2025-03-26,2247,11000,Foreign_Investor,5000
2025-03-26,2247,0,Investment_Trust,0
2025-03-27,2247,0,Dealer_Hedging,0
2025-03-27,2247,0,Dealer_self,0
2025-03-27,2247,0,Foreign_Dealer_Self,0
2025-03-27,2247,16000,Foreign_Investor,12000
2025-03-27,2247,0,Investment_Trust,0
2025-03-28,2247,0,Dealer_Hedging,0
2025-03-28,2247,0,Dealer_self,0
2025-03-28,2247,0,Foreign_Dealer_Self,0
2025-03-28,2247,17000,Foreign_Investor,42000
2025-03-28,2247,0,Investment_Trust,0
2025-03-31,2247,0,Dealer_Hedging,0
2025-03-31,2247,0,Dealer_self,3000
2025-03-31,2247,0,Foreign_Dealer_Self,0
2025-03-31,2247,11000,Foreign_Investor,28000
2025-03-31,2247,0,Investment_Trust,0
2025-04-01,2247,0,Dealer_Hedging,0
2025-04-01,2247,0,Dealer_self,10000
2025-04-01,2247,0,Foreign_Dealer_Self,0
2025-04-01,2247,22000,Foreign_Investor,14000
2025-04-01,2247,0,Investment_Trust,0
2025-04-02,2247,0,Dealer_Hedging,0
2025-04-02,2247,0,Dealer_self,7000
2025-04-02,2247,0,Foreign_Dealer_Self,0
2025-04-02,2247,14000,Foreign_Investor,9000
2025-04-02,2247,0,Investment_Trust,0
2025-04-07,2247,0,Dealer_Hedging,0
2025-04-07,2247,0,Dealer_self,5000
2025-04-07,2247,0,Foreign_Dealer_Self,0
2025-04-07,2247,38000,Foreign_Investor,141000
2025-04-07,2247,0,Investment_Trust,0
2025-04-08,2247,0,Dealer_Hedging,0
2025-04-08,2247,17000,Dealer_self,2000
2025-04-08,2247,0,Foreign_Dealer_Self,0
2025-04-08,2247,78000,Foreign_Investor,161000
2025-04-08,2247,0,Investment_Trust,0
2025-04-09,2247,0,Dealer_Hedging,0
2025-04-09,2247,4000,Dealer_self,1000
2025-04-09,2247,0,Foreign_Dealer_Self,0
2025-04-09,2247,49000,Foreign_Investor,81000
2025-04-09,2247,0,Investment_Trust,0
2025-04-10,2247,0,Dealer_Hedging,0
2025-04-10,2247,2000,Dealer_self,0
2025-04-10,2247,0,Foreign_Dealer_Self,0
2025-04-10,2247,113000,Foreign_Investor,84000
2025-04-10,2247,0,Investment_Trust,0
2025-04-11,2247,0,Dealer_Hedging,0
2025-04-11,2247,1000,Dealer_self,31091
2025-04-11,2247,0,Foreign_Dealer_Self,0
2025-04-11,2247,64000,Foreign_Investor,45000
2025-04-11,2247,0,Investment_Trust,0
2025-04-14,2247,0,Dealer_Hedging,0
2025-04-14,2247,0,Dealer_self,3000
2025-04-14,2247,0,Foreign_Dealer_Self,0
2025-04-14,2247,36000,Foreign_Investor,73000
2025-04-14,2247,0,Investment_Trust,0
2025-04-15,2247,0,Dealer_Hedging,0
2025-04-15,2247,0,Dealer_self,0
2025-04-15,2247,0,Foreign_Dealer_Self,0
2025-04-15,2247,29014,Foreign_Investor,17000
2025-04-15,2247,0,Investment_Trust,0
2025-04-16,2247,0,Dealer_Hedging,0
2025-04-16,2247,0,Dealer_self,0
2025-04-16,2247,0,Foreign_Dealer_Self,0
2025-04-16,2247,38464,Foreign_Investor,35014
2025-04-16,2247,0,Investment_Trust,0
2025-04-17,2247,0,Dealer_Hedging,0
2025-04-17,2247,0,Dealer_self,0
2025-04-17,2247,0,Foreign_Dealer_Self,0
2025-04-17,2247,19000,Foreign_Investor,40036
2025-04-17,2247,0,Investment_Trust,0
2025-04-18,2247,0,Dealer_Hedging,0
2025-04-18,2247,0,Dealer_self,1000
2025-04-18,2247,0,Foreign_Dealer_Self,0
2025-04-18,2247,12000,Foreign_Investor,24000
2025-04-18,2247,0,Investment_Trust,0
2025-04-21,2247,0,Dealer_Hedging,0
2025-04-21,2247,1000,Dealer_self,0
2025-04-21,2247,0,Foreign_Dealer_Self,0
2025-04-21,2247,16000,Foreign_Investor,33000
2025-04-21,2247,0,Investment_Trust,0
2025-04-22,2247,0,Dealer_Hedging,0
2025-04-22,2247,0,Dealer_self,0
2025-04-22,2247,0,Foreign_Dealer_Self,0
2025-04-22,2247,10000,Foreign_Investor,18000
2025-04-22,2247,0,Investment_Trust,0
2025-04-23,2247,0,Dealer_Hedging,0
2025-04-23,2247,0,Dealer_self,0
2025-04-23,2247,0,Foreign_Dealer_Self,0
2025-04-23,2247,11000,Foreign_Investor,35000
2025-04-23,2247,0,Investment_Trust,0
2025-04-24,2247,0,Dealer_Hedging,0
2025-04-24,2247,2000,Dealer_self,0
2025-04-24,2247,0,Foreign_Dealer_Self,0
2025-04-24,2247,25374,Foreign_Investor,43000
2025-04-24,2247,0,Investment_Trust,0
2025-04-25,2247,0,Dealer_Hedging,0
2025-04-25,2247,1000,Dealer_self,0
2025-04-25,2247,0,Foreign_Dealer_Self,0
2025-04-25,2247,46010,Foreign_Investor,37374
2025-04-25,2247,0,Investment_Trust,0
2025-04-28,2247,0,Dealer_Hedging,0
2025-04-28,2247,0,Dealer_self,55
2025-04-28,2247,0,Foreign_Dealer_Self,0
2025-04-28,2247,48414,Foreign_Investor,6010
2025-04-28,2247,0,Investment_Trust,33000
2025-04-29,2247,0,Dealer_Hedging,0
2025-04-29,2247,0,Dealer_self,215
2025-04-29,2247,0,Foreign_Dealer_Self,0
2025-04-29,2247,18000,Foreign_Investor,13414
2025-04-29,2247,0,Investment_Trust,33000
2025-04-30,2247,0,Dealer_Hedging,0
2025-04-30,2247,0,Dealer_self,2730
2025-04-30,2247,0,Foreign_Dealer_Self,0
2025-04-30,2247,20000,Foreign_Investor,24000
2025-04-30,2247,0,Investment_Trust,24000
2025-05-02,2247,0,Dealer_Hedging,0
2025-05-02,2247,1000,Dealer_self,0
2025-05-02,2247,0,Foreign_Dealer_Self,0
2025-05-02,2247,22000,Foreign_Investor,20000
2025-05-02,2247,0,Investment_Trust,27000
2025-05-05,2247,0,Dealer_Hedging,0
2025-05-05,2247,1000,Dealer_self,0
2025-05-05,2247,0,Foreign_Dealer_Self,0
2025-05-05,2247,74078,Foreign_Investor,90000
2025-05-05,2247,0,Investment_Trust,27000
2025-05-06,2247,0,Dealer_Hedging,0
2025-05-06,2247,0,Dealer_self,2000
2025-05-06,2247,0,Foreign_Dealer_Self,0
2025-05-06,2247,61000,Foreign_Investor,82078
2025-05-06,2247,0,Investment_Trust,66000
2025-05-07,2247,0,Dealer_Hedging,0
2025-05-07,2247,0,Dealer_self,2000
2025-05-07,2247,0,Foreign_Dealer_Self,0
2025-05-07,2247,68010,Foreign_Investor,29000
2025-05-07,2247,0,Investment_Trust,81000
2025-05-08,2247,0,Dealer_Hedging,0
2025-05-08,2247,0,Dealer_self,0
2025-05-08,2247,0,Foreign_Dealer_Self,0
2025-05-08,2247,22000,Foreign_Investor,24000
2025-05-08,2247,0,Investment_Trust,60000
2025-05-09,2247,0,Dealer_Hedging,0
2025-05-09,2247,0,Dealer_self,1000
2025-05-09,2247,0,Foreign_Dealer_Self,0
2025-05-09,2247,50005,Foreign_Investor,16000
2025-05-09,2247,0,Investment_Trust,40000
2025-05-12,2247,0,Dealer_Hedging,0
2025-05-12,2247,2000,Dealer_self,0
2025-05-12,2247,0,Foreign_Dealer_Self,0
2025-05-12,2247,25000,Foreign_Investor,21000
2025-05-12,2247,0,Investment_Trust,60000
2025-05-13,2247,0,Dealer_Hedging,0
2025-05-13,2247,6000,Dealer_self,3000
2025-05-13,2247,0,Foreign_Dealer_Self,0
2025-05-13,2247,92000,Foreign_Investor,26000
2025-05-13,2247,0,Investment_Trust,51000
2025-05-14,2247,0,Dealer_Hedging,0
2025-05-14,2247,3000,Dealer_self,0
2025-05-14,2247,0,Foreign_Dealer_Self,0
2025-05-14,2247,61344,Foreign_Investor,70000
2025-05-14,2247,0,Investment_Trust,54000
2025-05-15,2247,0,Dealer_Hedging,0
2025-05-15,2247,0,Dealer_self,0
2025-05-15,2247,0,Foreign_Dealer_Self,0
2025-05-15,2247,51023,Foreign_Investor,7144
2025-05-15,2247,0,Investment_Trust,64000
2025-05-16,2247,0,Dealer_Hedging,0
2025-05-16,2247,0,Dealer_self,0
2025-05-16,2247,0,Foreign_Dealer_Self,0
2025-05-16,2247,16300,Foreign_Investor,6023
2025-05-16,2247,0,Investment_Trust,0
2025-05-19,2247,0,Dealer_Hedging,0
2025-05-19,2247,0,Dealer_self,0
2025-05-19,2247,0,Foreign_Dealer_Self,0
2025-05-19,2247,7000,Foreign_Investor,20000
2025-05-19,2247,0,Investment_Trust,0
2025-05-20,2247,0,Dealer_Hedging,0
2025-05-20,2247,0,Dealer_self,0
2025-05-20,2247,0,Foreign_Dealer_Self,0
2025-05-20,2247,16000,Foreign_Investor,14000
2025-05-20,2247,0,Investment_Trust,0
2025-05-21,2247,0,Dealer_Hedging,0
2025-05-21,2247,0,Dealer_self,0
2025-05-21,2247,0,Foreign_Dealer_Self,0
2025-05-21,2247,47700,Foreign_Investor,6000
2025-05-21,2247,7000,Investment_Trust,0
2025-05-22,2247,0,Dealer_Hedging,0
2025-05-22,2247,0,Dealer_self,0
2025-05-22,2247,0,Foreign_Dealer_Self,0
2025-05-22,2247,10000,Foreign_Investor,18000
2025-05-22,2247,26000,Investment_Trust,0
2025-05-23,2247,0,Dealer_Hedging,0
2025-05-23,2247,0,Dealer_self,0
2025-05-23,2247,0,Foreign_Dealer_Self,0
2025-05-23,2247,1000,Foreign_Investor,8000
2025-05-23,2247,0,Investment_Trust,0
2025-05-26,2247,0,Dealer_Hedging,0
2025-05-26,2247,0,Dealer_self,3000
2025-05-26,2247,0,Foreign_Dealer_Self,0
2025-05-26,2247,34000,Foreign_Investor,5000
2025-05-26,2247,0,Investment_Trust,0
2025-05-27,2247,0,Dealer_Hedging,0
2025-05-27,2247,5000,Dealer_self,2000
2025-05-27,2247,0,Foreign_Dealer_Self,0
2025-05-27,2247,6398,Foreign_Investor,26000
2025-05-27,2247,0,Investment_Trust,0
2025-05-28,2247,0,Dealer_Hedging,0
2025-05-28,2247,0,Dealer_self,0
2025-05-28,2247,0,Foreign_Dealer_Self,0
2025-05-28,2247,0,Foreign_Investor,26398
2025-05-28,2247,0,Investment_Trust,0
2025-05-29,2247,0,Dealer_Hedging,0
2025-05-29,2247,0,Dealer_self,0
2025-05-29,2247,0,Foreign_Dealer_Self,0
2025-05-29,2247,16065,Foreign_Investor,31411
2025-05-29,2247,0,Investment_Trust,0
2025-06-02,2247,0,Dealer_Hedging,0
2025-06-02,2247,0,Dealer_self,3000
2025-06-02,2247,0,Foreign_Dealer_Self,0
2025-06-02,2247,10441,Foreign_Investor,16000
2025-06-02,2247,0,Investment_Trust,0
2025-06-03,2247,0,Dealer_Hedging,0
2025-06-03,2247,0,Dealer_self,1000
2025-06-03,2247,0,Foreign_Dealer_Self,0
2025-06-03,2247,23000,Foreign_Investor,29000
2025-06-03,2247,0,Investment_Trust,0
2025-06-04,2247,0,Dealer_Hedging,0
2025-06-04,2247,0,Dealer_self,0
2025-06-04,2247,0,Foreign_Dealer_Self,0
2025-06-04,2247,12004,Foreign_Investor,32000
2025-06-04,2247,0,Investment_Trust,0
2025-06-05,2247,0,Dealer_Hedging,0
2025-06-05,2247,0,Dealer_self,0
2025-06-05,2247,0,Foreign_Dealer_Self,0
2025-06-05,2247,3000,Foreign_Investor,64000
2025-06-05,2247,0,Investment_Trust,0
2025-06-06,2247,0,Dealer_Hedging,0
2025-06-06,2247,1000,Dealer_self,0
2025-06-06,2247,0,Foreign_Dealer_Self,0
2025-06-06,2247,5000,Foreign_Investor,9000
2025-06-06,2247,0,Investment_Trust,0
2025-06-09,2247,0,Dealer_Hedging,0
2025-06-09,2247,0,Dealer_self,0
2025-06-09,2247,0,Foreign_Dealer_Self,0
2025-06-09,2247,8000,Foreign_Investor,23000
2025-06-09,2247,12000,Investment_Trust,0
2025-06-10,2247,0,Dealer_Hedging,0
2025-06-10,2247,4000,Dealer_self,0
2025-06-10,2247,0,Foreign_Dealer_Self,0
2025-06-10,2247,11000,Foreign_Investor,26000
2025-06-10,2247,0,Investment_Trust,0
2025-06-11,2247,0,Dealer_Hedging,0
2025-06-11,2247,0,Dealer_self,0
2025-06-11,2247,0,Foreign_Dealer_Self,0
2025-06-11,2247,10000,Foreign_Investor,52010
2025-06-11,2247,0,Investment_Trust,0
2025-06-12,2247,0,Dealer_Hedging,0
2025-06-12,2247,3000,Dealer_self,11000
2025-06-12,2247,0,Foreign_Dealer_Self,0
2025-06-12,2247,37132,Foreign_Investor,25000
2025-06-12,2247,0,Investment_Trust,0
2025-06-13,2247,0,Dealer_Hedging,0
2025-06-13,2247,0,Dealer_self,3000
2025-06-13,2247,0,Foreign_Dealer_Self,0
2025-06-13,2247,19000,Foreign_Investor,50132
2025-06-13,2247,0,Investment_Trust,0
2025-06-16,2247,0,Dealer_Hedging,4000
2025-06-16,2247,0,Dealer_self,1000
2025-06-16,2247,0,Foreign_Dealer_Self,0
2025-06-16,2247,14000,Foreign_Investor,41000
2025-06-16,2247,0,Investment_Trust,0
2025-06-17,2247,0,Dealer_Hedging,6000
2025-06-17,2247,0,Dealer_self,3000
2025-06-17,2247,0,Foreign_Dealer_Self,0
2025-06-17,2247,4010,Foreign_Investor,52000
2025-06-17,2247,0,Investment_Trust,0
2025-06-18,2247,0,Dealer_Hedging,0
2025-06-18,2247,0,Dealer_self,3000
2025-06-18,2247,0,Foreign_Dealer_Self,0
2025-06-18,2247,13000,Foreign_Investor,64000
2025-06-18,2247,0,Investment_Trust,0
2025-06-19,2247,0,Dealer_Hedging,0
2025-06-19,2247,0,Dealer_self,0
2025-06-19,2247,0,Foreign_Dealer_Self,0
2025-06-19,2247,3008,Foreign_Investor,75000
2025-06-19,2247,0,Investment_Trust,0
2025-06-20,2247,0,Dealer_Hedging,0
2025-06-20,2247,0,Dealer_self,0
2025-06-20,2247,0,Foreign_Dealer_Self,0
2025-06-20,2247,9000,Foreign_Investor,114000
2025-06-20,2247,0,Investment_Trust,0
2025-06-23,2247,0,Dealer_Hedging,0
2025-06-23,2247,0,Dealer_self,0
2025-06-23,2247,0,Foreign_Dealer_Self,0
2025-06-23,2247,4000,Foreign_Investor,57000
2025-06-23,2247,0,Investment_Trust,0
2025-06-24,2247,0,Dealer_Hedging,0
2025-06-24,2247,0,Dealer_self,0
2025-06-24,2247,0,Foreign_Dealer_Self,0
2025-06-24,2247,19012,Foreign_Investor,68000
2025-06-24,2247,0,Investment_Trust,0
2025-06-25,2247,0,Dealer_Hedging,3000
2025-06-25,2247,0,Dealer_self,0
2025-06-25,2247,0,Foreign_Dealer_Self,0
2025-06-25,2247,9000,Foreign_Investor,60009
2025-06-25,2247,0,Investment_Trust,0
2025-06-26,2247,0,Dealer_Hedging,0
2025-06-26,2247,0,Dealer_self,15000
2025-06-26,2247,0,Foreign_Dealer_Self,0
2025-06-26,2247,32008,Foreign_Investor,74000
2025-06-26,2247,0,Investment_Trust,0
2025-06-27,2247,0,Dealer_Hedging,0
2025-06-27,2247,0,Dealer_self,11000
2025-06-27,2247,0,Foreign_Dealer_Self,0
2025-06-27,2247,39203,Foreign_Investor,34000
2025-06-27,2247,0,Investment_Trust,0
2025-06-30,2247,0,Dealer_Hedging,0
2025-06-30,2247,9000,Dealer_self,16000
2025-06-30,2247,0,Foreign_Dealer_Self,0
2025-06-30,2247,16000,Foreign_Investor,63435
2025-06-30,2247,34000,Investment_Trust,0
2025-07-01,2247,0,Dealer_Hedging,7000
2025-07-01,2247,22000,Dealer_self,6000
2025-07-01,2247,0,Foreign_Dealer_Self,0
2025-07-01,2247,29000,Foreign_Investor,43000
2025-07-01,2247,0,Investment_Trust,0
2025-07-02,2247,0,Dealer_Hedging,0
2025-07-02,2247,25000,Dealer_self,10000
2025-07-02,2247,0,Foreign_Dealer_Self,0
2025-07-02,2247,17000,Foreign_Investor,34000
2025-07-02,2247,0,Investment_Trust,0
2025-07-03,2247,1000,Dealer_Hedging,990
2025-07-03,2247,16000,Dealer_self,15000
2025-07-03,2247,0,Foreign_Dealer_Self,0
2025-07-03,2247,100000,Foreign_Investor,78000
2025-07-03,2247,0,Investment_Trust,0
2025-07-04,2247,0,Dealer_Hedging,0
2025-07-04,2247,0,Dealer_self,2000
2025-07-04,2247,0,Foreign_Dealer_Self,0
2025-07-04,2247,28000,Foreign_Investor,22000
2025-07-04,2247,0,Investment_Trust,0
2025-07-07,2247,2000,Dealer_Hedging,1531
2025-07-07,2247,7000,Dealer_self,28000
2025-07-07,2247,0,Foreign_Dealer_Self,0
2025-07-07,2247,351017,Foreign_Investor,95000
2025-07-07,2247,0,Investment_Trust,0
2025-07-08,2247,0,Dealer_Hedging,0
2025-07-08,2247,5000,Dealer_self,5000
2025-07-08,2247,0,Foreign_Dealer_Self,0
2025-07-08,2247,111000,Foreign_Investor,176000
2025-07-08,2247,0,Investment_Trust,0
2025-07-09,2247,0,Dealer_Hedging,0
2025-07-09,2247,5000,Dealer_self,2000
2025-07-09,2247,0,Foreign_Dealer_Self,0
2025-07-09,2247,106000,Foreign_Investor,38000
2025-07-09,2247,0,Investment_Trust,0
2025-07-10,2247,1000,Dealer_Hedging,646
2025-07-10,2247,16000,Dealer_self,9000
2025-07-10,2247,0,Foreign_Dealer_Self,0
2025-07-10,2247,144059,Foreign_Investor,109000
2025-07-10,2247,0,Investment_Trust,0
2025-07-11,2247,3000,Dealer_Hedging,3511
2025-07-11,2247,17000,Dealer_self,0
2025-07-11,2247,0,Foreign_Dealer_Self,0
2025-07-11,2247,21000,Foreign_Investor,138000
2025-07-11,2247,0,Investment_Trust,0
2025-07-14,2247,0,Dealer_Hedging,0
2025-07-14,2247,9000,Dealer_self,5000
2025-07-14,2247,0,Foreign_Dealer_Self,0
2025-07-14,2247,213017,Foreign_Investor,72000
2025-07-14,2247,0,Investment_Trust,0
2025-07-15,2247,3000,Dealer_Hedging,2723
2025-07-15,2247,3000,Dealer_self,2000
2025-07-15,2247,0,Foreign_Dealer_Self,0
2025-07-15,2247,91009,Foreign_Investor,111000
2025-07-15,2247,0,Investment_Trust,0
2025-07-16,2247,0,Dealer_Hedging,145
2025-07-16,2247,1000,Dealer_self,16000
2025-07-16,2247,0,Foreign_Dealer_Self,0
2025-07-16,2247,153000,Foreign_Investor,89000
2025-07-16,2247,0,Investment_Trust,0
2025-07-17,2247,2000,Dealer_Hedging,1873
2025-07-17,2247,1000,Dealer_self,16000
2025-07-17,2247,0,Foreign_Dealer_Self,0
2025-07-17,2247,74107,Foreign_Investor,126000
2025-07-17,2247,0,Investment_Trust,0
2025-07-18,2247,0,Dealer_Hedging,0
2025-07-18,2247,1000,Dealer_self,5000
2025-07-18,2247,0,Foreign_Dealer_Self,0
2025-07-18,2247,82000,Foreign_Investor,82000
2025-07-18,2247,10000,Investment_Trust,0
2025-07-21,2247,1000,Dealer_Hedging,703
2025-07-21,2247,30000,Dealer_self,2000
2025-07-21,2247,0,Foreign_Dealer_Self,0
2025-07-21,2247,174000,Foreign_Investor,245000
2025-07-21,2247,137000,Investment_Trust,0
2025-07-22,2247,0,Dealer_Hedging,806
2025-07-22,2247,3000,Dealer_self,0
2025-07-22,2247,0,Foreign_Dealer_Self,0
2025-07-22,2247,79233,Foreign_Investor,129000
2025-07-22,2247,0,Investment_Trust,0
2025-07-23,2247,2105,Dealer_Hedging,2041
2025-07-23,2247,31000,Dealer_self,12000
2025-07-23,2247,0,Foreign_Dealer_Self,0
2025-07-23,2247,608108,Foreign_Investor,243000
2025-07-23,2247,69000,Investment_Trust,0
2025-07-24,2247,11000,Dealer_Hedging,4980
2025-07-24,2247,15000,Dealer_self,21000
2025-07-24,2247,0,Foreign_Dealer_Self,0
2025-07-24,2247,279600,Foreign_Investor,384004
2025-07-24,2247,0,Investment_Trust,0
2025-07-25,2247,5000,Dealer_Hedging,4396
2025-07-25,2247,7000,Dealer_self,6000
2025-07-25,2247,0,Foreign_Dealer_Self,0
2025-07-25,2247,153000,Foreign_Investor,264000
2025-07-25,2247,0,Investment_Trust,0
2025-07-28,2247,2162,Dealer_Hedging,1759
2025-07-28,2247,0,Dealer_self,0
2025-07-28,2247,0,Foreign_Dealer_Self,0
2025-07-28,2247,230000,Foreign_Investor,219000
2025-07-28,2247,0,Investment_Trust,0
2025-07-29,2247,0,Dealer_Hedging,794
2025-07-29,2247,6000,Dealer_self,0
2025-07-29,2247,0,Foreign_Dealer_Self,0
2025-07-29,2247,108000,Foreign_Investor,101000
2025-07-29,2247,0,Investment_Trust,0
2025-07-30,2247,1000,Dealer_Hedging,606
2025-07-30,2247,9000,Dealer_self,9000
2025-07-30,2247,0,Foreign_Dealer_Self,0
2025-07-30,2247,181000,Foreign_Investor,213000
2025-07-30,2247,0,Investment_Trust,0
2025-07-31,2247,0,Dealer_Hedging,220
2025-07-31,2247,12000,Dealer_self,17000
2025-07-31,2247,0,Foreign_Dealer_Self,0
2025-07-31,2247,241310,Foreign_Investor,148000
2025-07-31,2247,0,Investment_Trust,0
2025-08-01,2247,17000,Dealer_Hedging,12881
2025-08-01,2247,8000,Dealer_self,2000
2025-08-01,2247,0,Foreign_Dealer_Self,0
2025-08-01,2247,336010,Foreign_Investor,540000
2025-08-01,2247,2000,Investment_Trust,0
2025-08-04,2247,6000,Dealer_Hedging,5744
2025-08-04,2247,5000,Dealer_self,2000
2025-08-04,2247,0,Foreign_Dealer_Self,0
2025-08-04,2247,41004,Foreign_Investor,163000
2025-08-04,2247,2000,Investment_Trust,0
2025-08-05,2247,1000,Dealer_Hedging,1691
2025-08-05,2247,0,Dealer_self,18000
2025-08-05,2247,0,Foreign_Dealer_Self,0
2025-08-05,2247,51110,Foreign_Investor,126050
2025-08-05,2247,2000,Investment_Trust,0
2025-08-06,2247,0,Dealer_Hedging,64
2025-08-06,2247,5000,Dealer_self,13000
2025-08-06,2247,0,Foreign_Dealer_Self,0
2025-08-06,2247,33400,Foreign_Investor,103000
2025-08-06,2247,4000,Investment_Trust,0
2025-08-07,2247,0,Dealer_Hedging,0
2025-08-07,2247,6000,Dealer_self,50000
2025-08-07,2247,0,Foreign_Dealer_Self,0
2025-08-07,2247,25000,Foreign_Investor,70003
2025-08-07,2247,0,Investment_Trust,0
2025-08-08,2247,4000,Dealer_Hedging,3208
2025-08-08,2247,0,Dealer_self,15000
2025-08-08,2247,0,Foreign_Dealer_Self,0
2025-08-08,2247,150002,Foreign_Investor,91000
2025-08-08,2247,0,Investment_Trust,0
2025-08-11,2247,2000,Dealer_Hedging,2000
2025-08-11,2247,0,Dealer_self,0
2025-08-11,2247,0,Foreign_Dealer_Self,0
2025-08-11,2247,79228,Foreign_Investor,80000
2025-08-11,2247,0,Investment_Trust,0
2025-08-12,2247,1000,Dealer_Hedging,1858
2025-08-12,2247,6748,Dealer_self,0
2025-08-12,2247,0,Foreign_Dealer_Self,0
2025-08-12,2247,15010,Foreign_Investor,102000
2025-08-12,2247,0,Investment_Trust,0
2025-08-13,2247,0,Dealer_Hedging,0
2025-08-13,2247,1000,Dealer_self,5000
2025-08-13,2247,0,Foreign_Dealer_Self,0
2025-08-13,2247,23000,Foreign_Investor,27000
2025-08-13,2247,0,Investment_Trust,0
2025-08-14,2247,0,Dealer_Hedging,0
2025-08-14,2247,0,Dealer_self,0
2025-08-14,2247,0,Foreign_Dealer_Self,0
2025-08-14,2247,23013,Foreign_Investor,44370
2025-08-14,2247,0,Investment_Trust,0
2025-08-15,2247,0,Dealer_Hedging,0
2025-08-15,2247,1000,Dealer_self,0
2025-08-15,2247,0,Foreign_Dealer_Self,0
2025-08-15,2247,94000,Foreign_Investor,100000
2025-08-15,2247,1000,Investment_Trust,0
2025-08-18,2247,0,Dealer_Hedging,0
2025-08-18,2247,2000,Dealer_self,27000
2025-08-18,2247,0,Foreign_Dealer_Self,0
2025-08-18,2247,33000,Foreign_Investor,74000
2025-08-18,2247,0,Investment_Trust,0
2025-08-19,2247,0,Dealer_Hedging,25
2025-08-19,2247,1000,Dealer_self,33000
2025-08-19,2247,0,Foreign_Dealer_Self,0
2025-08-19,2247,82000,Foreign_Investor,62213
2025-08-19,2247,0,Investment_Trust,0
2025-08-20,2247,1000,Dealer_Hedging,358
2025-08-20,2247,10000,Dealer_self,0
2025-08-20,2247,0,Foreign_Dealer_Self,0
2025-08-20,2247,73000,Foreign_Investor,61000
2025-08-20,2247,0,Investment_Trust,0
2025-08-21,2247,0,Dealer_Hedging,6
2025-08-21,2247,0,Dealer_self,5370
2025-08-21,2247,0,Foreign_Dealer_Self,0
2025-08-21,2247,29003,Foreign_Investor,71000
2025-08-21,2247,1000,Investment_Trust,0
2025-08-22,2247,3000,Dealer_Hedging,195
2025-08-22,2247,0,Dealer_self,1000
2025-08-22,2247,0,Foreign_Dealer_Self,0
2025-08-22,2247,6000,Foreign_Investor,15000
2025-08-22,2247,0,Investment_Trust,0
2025-08-25,2247,1000,Dealer_Hedging,1195
2025-08-25,2247,8000,Dealer_self,0
2025-08-25,2247,0,Foreign_Dealer_Self,0
2025-08-25,2247,81000,Foreign_Investor,34000
2025-08-25,2247,0,Investment_Trust,0
2025-08-26,2247,0,Dealer_Hedging,42
2025-08-26,2247,20000,Dealer_self,2000
2025-08-26,2247,0,Foreign_Dealer_Self,0
2025-08-26,2247,218747,Foreign_Investor,301000
2025-08-26,2247,0,Investment_Trust,0
2025-08-27,2247,0,Dealer_Hedging,0
2025-08-27,2247,14000,Dealer_self,5000
2025-08-27,2247,0,Foreign_Dealer_Self,0
2025-08-27,2247,127000,Foreign_Investor,23000
2025-08-27,2247,0,Investment_Trust,0
2025-08-28,2247,0,Dealer_Hedging,0
2025-08-28,2247,4000,Dealer_self,5000
2025-08-28,2247,0,Foreign_Dealer_Self,0
2025-08-28,2247,132000,Foreign_Investor,67003
2025-08-28,2247,0,Investment_Trust,0
2025-08-29,2247,3000,Dealer_Hedging,0
2025-08-29,2247,2000,Dealer_self,8000
2025-08-29,2247,0,Foreign_Dealer_Self,0
2025-08-29,2247,87665,Foreign_Investor,58000
2025-08-29,2247,0,Investment_Trust,0
2025-09-01,2247,2000,Dealer_Hedging,918
2025-09-01,2247,5000,Dealer_self,38000
2025-09-01,2247,0,Foreign_Dealer_Self,0
2025-09-01,2247,96000,Foreign_Investor,87000
2025-09-01,2247,0,Investment_Trust,4000
2025-09-02,2247,3000,Dealer_Hedging,2754
2025-09-02,2247,0,Dealer_self,0
2025-09-02,2247,0,Foreign_Dealer_Self,0
2025-09-02,2247,27000,Foreign_Investor,109000
2025-09-02,2247,0,Investment_Trust,8000
2025-09-03,2247,1000,Dealer_Hedging,634
2025-09-03,2247,0,Dealer_self,0
2025-09-03,2247,0,Foreign_Dealer_Self,0
2025-09-03,2247,38101,Foreign_Investor,48000
2025-09-03,2247,0,Investment_Trust,0
2025-09-04,2247,0,Dealer_Hedging,468
2025-09-04,2247,1000,Dealer_self,0
2025-09-04,2247,0,Foreign_Dealer_Self,0
2025-09-04,2247,48229,Foreign_Investor,106160
2025-09-04,2247,0,Investment_Trust,0
2025-09-05,2247,1000,Dealer_Hedging,402
2025-09-05,2247,0,Dealer_self,0
2025-09-05,2247,0,Foreign_Dealer_Self,0
2025-09-05,2247,20000,Foreign_Investor,31000
2025-09-05,2247,0,Investment_Trust,0
2025-09-08,2247,0,Dealer_Hedging,0
2025-09-08,2247,0,Dealer_self,0
2025-09-08,2247,0,Foreign_Dealer_Self,0
2025-09-08,2247,24000,Foreign_Investor,28000
2025-09-08,2247,0,Investment_Trust,0
2025-09-09,2247,0,Dealer_Hedging,0
2025-09-09,2247,1000,Dealer_self,12000
2025-09-09,2247,0,Foreign_Dealer_Self,0
2025-09-09,2247,25000,Foreign_Investor,24000
2025-09-09,2247,0,Investment_Trust,0
2025-09-10,2247,2000,Dealer_Hedging,0
2025-09-10,2247,1000,Dealer_self,1000
2025-09-10,2247,0,Foreign_Dealer_Self,0
2025-09-10,2247,11000,Foreign_Investor,20000
2025-09-10,2247,0,Investment_Trust,0
2025-09-11,2247,1000,Dealer_Hedging,389
2025-09-11,2247,0,Dealer_self,3000
2025-09-11,2247,0,Foreign_Dealer_Self,0
2025-09-11,2247,7000,Foreign_Investor,87000
2025-09-11,2247,0,Investment_Trust,0
2025-09-12,2247,4321,Dealer_Hedging,4455
2025-09-12,2247,11000,Dealer_self,8000
2025-09-12,2247,0,Foreign_Dealer_Self,0
2025-09-12,2247,326030,Foreign_Investor,351003
2025-09-12,2247,0,Investment_Trust,0
2025-09-15,2247,0,Dealer_Hedging,45
2025-09-15,2247,14000,Dealer_self,2000
2025-09-15,2247,0,Foreign_Dealer_Self,0
2025-09-15,2247,71000,Foreign_Investor,158030
2025-09-15,2247,0,Investment_Trust,0
2025-09-16,2247,1000,Dealer_Hedging,1517
2025-09-16,2247,24000,Dealer_self,0
2025-09-16,2247,0,Foreign_Dealer_Self,0
2025-09-16,2247,25000,Foreign_Investor,136000
2025-09-16,2247,0,Investment_Trust,0
2025-09-17,2247,0,Dealer_Hedging,0
2025-09-17,2247,2000,Dealer_self,22000
2025-09-17,2247,0,Foreign_Dealer_Self,0
2025-09-17,2247,31000,Foreign_Investor,51200
2025-09-17,2247,0,Investment_Trust,0
2025-09-18,2247,1000,Dealer_Hedging,598
2025-09-18,2247,2000,Dealer_self,0
2025-09-18,2247,0,Foreign_Dealer_Self,0
2025-09-18,2247,20030,Foreign_Investor,61000
2025-09-18,2247,0,Investment_Trust,0
2025-09-19,2247,1000,Dealer_Hedging,1095
2025-09-19,2247,0,Dealer_self,0
2025-09-19,2247,0,Foreign_Dealer_Self,0
2025-09-19,2247,9000,Foreign_Investor,25000
2025-09-19,2247,0,Investment_Trust,0
2025-09-22,2247,0,Dealer_Hedging,111
2025-09-22,2247,1000,Dealer_self,0
2025-09-22,2247,0,Foreign_Dealer_Self,0
2025-09-22,2247,7000,Foreign_Investor,22000
2025-09-22,2247,0,Investment_Trust,0
2025-09-23,2247,0,Dealer_Hedging,0
2025-09-23,2247,0,Dealer_self,221
2025-09-23,2247,0,Foreign_Dealer_Self,0
2025-09-23,2247,2010,Foreign_Investor,42010
2025-09-23,2247,0,Investment_Trust,0
2025-09-24,2247,0,Dealer_Hedging,90
2025-09-24,2247,0,Dealer_self,1123
2025-09-24,2247,0,Foreign_Dealer_Self,0
2025-09-24,2247,21000,Foreign_Investor,18000
2025-09-24,2247,0,Investment_Trust,0
2025-09-25,2247,0,Dealer_Hedging,0
2025-09-25,2247,0,Dealer_self,26
2025-09-25,2247,0,Foreign_Dealer_Self,0
2025-09-25,2247,23002,Foreign_Investor,28000
2025-09-25,2247,0,Investment_Trust,0
2025-09-26,2247,0,Dealer_Hedging,3
2025-09-26,2247,0,Dealer_self,0
2025-09-26,2247,0,Foreign_Dealer_Self,0
2025-09-26,2247,33000,Foreign_Investor,26000
2025-09-26,2247,0,Investment_Trust,0
2025-09-30,2247,0,Dealer_Hedging,0
2025-09-30,2247,2000,Dealer_self,0
2025-09-30,2247,0,Foreign_Dealer_Self,0
2025-09-30,2247,118000,Foreign_Investor,63253
2025-09-30,2247,0,Investment_Trust,0
2025-10-01,2247,0,Dealer_Hedging,0
2025-10-01,2247,4000,Dealer_self,5000
2025-10-01,2247,0,Foreign_Dealer_Self,0
2025-10-01,2247,5015,Foreign_Investor,31000
2025-10-01,2247,0,Investment_Trust,0
2025-10-02,2247,0,Dealer_Hedging,0
2025-10-02,2247,0,Dealer_self,0
2025-10-02,2247,0,Foreign_Dealer_Self,0
2025-10-02,2247,10000,Foreign_Investor,14000
2025-10-02,2247,0,Investment_Trust,0
2025-10-03,2247,0,Dealer_Hedging,0
2025-10-03,2247,0,Dealer_self,20000
2025-10-03,2247,0,Foreign_Dealer_Self,0
2025-10-03,2247,17000,Foreign_Investor,11000
2025-10-03,2247,0,Investment_Trust,0
2025-10-07,2247,0,Dealer_Hedging,0
2025-10-07,2247,1000,Dealer_self,0
2025-10-07,2247,0,Foreign_Dealer_Self,0
2025-10-07,2247,33190,Foreign_Investor,57280
2025-10-07,2247,0,Investment_Trust,0
2025-10-08,2247,0,Dealer_Hedging,0
2025-10-08,2247,0,Dealer_self,0
2025-10-08,2247,0,Foreign_Dealer_Self,0
2025-10-08,2247,22000,Foreign_Investor,12720
2025-10-08,2247,0,Investment_Trust,0
2025-10-09,2247,0,Dealer_Hedging,0
2025-10-09,2247,0,Dealer_self,0
2025-10-09,2247,0,Foreign_Dealer_Self,0
2025-10-09,2247,21000,Foreign_Investor,37174
2025-10-09,2247,0,Investment_Trust,0
2025-10-13,2247,0,Dealer_Hedging,0
2025-10-13,2247,0,Dealer_self,0
2025-10-13,2247,0,Foreign_Dealer_Self,0
2025-10-13,2247,23000,Foreign_Investor,32030
2025-10-13,2247,0,Investment_Trust,0
2025-10-14,2247,2000,Dealer_Hedging,1386
2025-10-14,2247,0,Dealer_self,0
2025-10-14,2247,0,Foreign_Dealer_Self,0
2025-10-14,2247,23050,Foreign_Investor,92070
2025-10-14,2247,0,Investment_Trust,0
2025-10-15,2247,0,Dealer_Hedging,0
2025-10-15,2247,1000,Dealer_self,0
2025-10-15,2247,0,Foreign_Dealer_Self,0
2025-10-15,2247,117000,Foreign_Investor,62284
2025-10-15,2247,0,Investment_Trust,0
2025-10-16,2247,0,Dealer_Hedging,274
2025-10-16,2247,1000,Dealer_self,4
2025-10-16,2247,0,Foreign_Dealer_Self,0
2025-10-16,2247,27000,Foreign_Investor,66400
2025-10-16,2247,0,Investment_Trust,0
2025-10-17,2247,0,Dealer_Hedging,0
2025-10-17,2247,0,Dealer_self,0
2025-10-17,2247,0,Foreign_Dealer_Self,0
2025-10-17,2247,10010,Foreign_Investor,20000
2025-10-17,2247,0,Investment_Trust,0
2025-10-20,2247,0,Dealer_Hedging,185
2025-10-20,2247,0,Dealer_self,0
2025-10-20,2247,0,Foreign_Dealer_Self,0
2025-10-20,2247,20010,Foreign_Investor,18000
2025-10-20,2247,29000,Investment_Trust,0
2025-10-21,2247,0,Dealer_Hedging,0
2025-10-21,2247,0,Dealer_self,0
2025-10-21,2247,0,Foreign_Dealer_Self,0
2025-10-21,2247,3000,Foreign_Investor,28000
2025-10-21,2247,0,Investment_Trust,0
2025-10-22,2247,0,Dealer_Hedging,0
2025-10-22,2247,0,Dealer_self,0
2025-10-22,2247,0,Foreign_Dealer_Self,0
2025-10-22,2247,6000,Foreign_Investor,24000
2025-10-22,2247,0,Investment_Trust,0
2025-10-23,2247,0,Dealer_Hedging,0
2025-10-23,2247,0,Dealer_self,0
2025-10-23,2247,0,Foreign_Dealer_Self,0
2025-10-23,2247,10000,Foreign_Investor,9000
2025-10-23,2247,0,Investment_Trust,0
2025-10-27,2247,0,Dealer_Hedging,0
2025-10-27,2247,1000,Dealer_self,0
2025-10-27,2247,0,Foreign_Dealer_Self,0
2025-10-27,2247,15000,Foreign_Investor,17000
2025-10-27,2247,0,Investment_Trust,0
2025-10-28,2247,0,Dealer_Hedging,0
2025-10-28,2247,51,Dealer_self,0
2025-10-28,2247,0,Foreign_Dealer_Self,0
2025-10-28,2247,8006,Foreign_Investor,17000
2025-10-28,2247,0,Investment_Trust,0
2025-10-29,2247,0,Dealer_Hedging,0
2025-10-29,2247,1000,Dealer_self,0
2025-10-29,2247,0,Foreign_Dealer_Self,0
2025-10-29,2247,15000,Foreign_Investor,17000
2025-10-29,2247,0,Investment_Trust,0
2025-10-30,2247,0,Dealer_Hedging,0
2025-10-30,2247,0,Dealer_self,0
2025-10-30,2247,0,Foreign_Dealer_Self,0
2025-10-30,2247,20000,Foreign_Investor,17000
2025-10-30,2247,0,Investment_Trust,0
2025-10-31,2247,0,Dealer_Hedging,0
2025-10-31,2247,0,Dealer_self,0
2025-10-31,2247,0,Foreign_Dealer_Self,0
2025-10-31,2247,7000,Foreign_Investor,15439
2025-10-31,2247,0,Investment_Trust,0
2025-11-03,2247,0,Dealer_Hedging,0
2025-11-03,2247,0,Dealer_self,0
2025-11-03,2247,0,Foreign_Dealer_Self,0
2025-11-03,2247,9000,Foreign_Investor,8000
2025-11-03,2247,0,Investment_Trust,0
2025-11-04,2247,0,Dealer_Hedging,0
2025-11-04,2247,0,Dealer_self,0
2025-11-04,2247,0,Foreign_Dealer_Self,0
2025-11-04,2247,17000,Foreign_Investor,16000
2025-11-04,2247,0,Investment_Trust,0
2025-11-05,2247,0,Dealer_Hedging,0
2025-11-05,2247,0,Dealer_self,3000
2025-11-05,2247,0,Foreign_Dealer_Self,0
2025-11-05,2247,36000,Foreign_Investor,13000
2025-11-05,2247,0,Investment_Trust,0
2025-11-06,2247,0,Dealer_Hedging,0
2025-11-06,2247,0,Dealer_self,0
2025-11-06,2247,0,Foreign_Dealer_Self,0
2025-11-06,2247,15000,Foreign_Investor,3000
2025-11-06,2247,0,Investment_Trust,0
2025-11-07,2247,0,Dealer_Hedging,0
2025-11-07,2247,0,Dealer_self,0
2025-11-07,2247,0,Foreign_Dealer_Self,0
2025-11-07,2247,8000,Foreign_Investor,21000
2025-11-07,2247,0,Investment_Trust,0
2025-11-10,2247,0,Dealer_Hedging,0
2025-11-10,2247,0,Dealer_self,0
2025-11-10,2247,0,Foreign_Dealer_Self,0
2025-11-10,2247,19000,Foreign_Investor,7000
2025-11-10,2247,0,Investment_Trust,0
2025-11-11,2247,0,Dealer_Hedging,54
2025-11-11,2247,2000,Dealer_self,0
2025-11-11,2247,0,Foreign_Dealer_Self,0
2025-11-11,2247,22000,Foreign_Investor,104000
2025-11-11,2247,0,Investment_Trust,0
2025-11-12,2247,0,Dealer_Hedging,164
2025-11-12,2247,0,Dealer_self,0
2025-11-12,2247,0,Foreign_Dealer_Self,0
2025-11-12,2247,17000,Foreign_Investor,86000
2025-11-12,2247,0,Investment_Trust,0
2025-11-13,2247,0,Dealer_Hedging,0
2025-11-13,2247,0,Dealer_self,0
2025-11-13,2247,0,Foreign_Dealer_Self,0
2025-11-13,2247,12000,Foreign_Investor,15050
2025-11-13,2247,0,Investment_Trust,0
2025-11-14,2247,0,Dealer_Hedging,24
2025-11-14,2247,0,Dealer_self,0
2025-11-14,2247,0,Foreign_Dealer_Self,0
2025-11-14,2247,32000,Foreign_Investor,15000
2025-11-14,2247,0,Investment_Trust,0
2025-11-17,2247,0,Dealer_Hedging,0
2025-11-17,2247,2000,Dealer_self,5000
2025-11-17,2247,0,Foreign_Dealer_Self,0
2025-11-17,2247,21064,Foreign_Investor,7256
2025-11-17,2247,0,Investment_Trust,0
2025-11-18,2247,0,Dealer_Hedging,0
2025-11-18,2247,0,Dealer_self,1000
2025-11-18,2247,0,Foreign_Dealer_Self,0
2025-11-18,2247,42000,Foreign_Investor,45000
2025-11-18,2247,0,Investment_Trust,0
2025-11-19,2247,0,Dealer_Hedging,0
2025-11-19,2247,0,Dealer_self,2000
2025-11-19,2247,0,Foreign_Dealer_Self,0
2025-11-19,2247,20000,Foreign_Investor,14000
2025-11-19,2247,0,Investment_Trust,0
2025-11-20,2247,0,Dealer_Hedging,0
2025-11-20,2247,2000,Dealer_self,0
2025-11-20,2247,0,Foreign_Dealer_Self,0
2025-11-20,2247,15000,Foreign_Investor,9000
2025-11-20,2247,0,Investment_Trust,0
2025-11-21,2247,0,Dealer_Hedging,0
2025-11-21,2247,2000,Dealer_self,1000
2025-11-21,2247,0,Foreign_Dealer_Self,0
2025-11-21,2247,19250,Foreign_Investor,23000
2025-11-21,2247,0,Investment_Trust,0
2025-11-24,2247,0,Dealer_Hedging,0
2025-11-24,2247,2000,Dealer_self,0
2025-11-24,2247,0,Foreign_Dealer_Self,0
2025-11-24,2247,47000,Foreign_Investor,18614
2025-11-24,2247,0,Investment_Trust,0
2025-11-25,2247,0,Dealer_Hedging,0
2025-11-25,2247,1182,Dealer_self,0
2025-11-25,2247,0,Foreign_Dealer_Self,0
2025-11-25,2247,12256,Foreign_Investor,23000
2025-11-25,2247,0,Investment_Trust,0
2025-11-26,2247,0,Dealer_Hedging,0
2025-11-26,2247,1000,Dealer_self,0
2025-11-26,2247,0,Foreign_Dealer_Self,0
2025-11-26,2247,103025,Foreign_Investor,30000
2025-11-26,2247,0,Investment_Trust,0
2025-11-27,2247,0,Dealer_Hedging,0
2025-11-27,2247,0,Dealer_self,0
2025-11-27,2247,0,Foreign_Dealer_Self,0
2025-11-27,2247,9050,Foreign_Investor,3000
2025-11-27,2247,0,Investment_Trust,0
2025-11-28,2247,0,Dealer_Hedging,0
2025-11-28,2247,2000,Dealer_self,0
2025-11-28,2247,0,Foreign_Dealer_Self,0
2025-11-28,2247,42000,Foreign_Investor,1000
2025-11-28,2247,0,Investment_Trust,0
2025-12-01,2247,0,Dealer_Hedging,0
2025-12-01,2247,3000,Dealer_self,0
2025-12-01,2247,0,Foreign_Dealer_Self,0
2025-12-01,2247,13000,Foreign_Investor,4000
2025-12-01,2247,0,Investment_Trust,0
2025-12-02,2247,0,Dealer_Hedging,0
2025-12-02,2247,0,Dealer_self,0
2025-12-02,2247,0,Foreign_Dealer_Self,0
2025-12-02,2247,38000,Foreign_Investor,12000
2025-12-02,2247,0,Investment_Trust,0
2025-12-03,2247,0,Dealer_Hedging,0
2025-12-03,2247,0,Dealer_self,0
2025-12-03,2247,0,Foreign_Dealer_Self,0
2025-12-03,2247,3000,Foreign_Investor,5000
2025-12-03,2247,0,Investment_Trust,0
2025-12-04,2247,0,Dealer_Hedging,0
2025-12-04,2247,0,Dealer_self,0
2025-12-04,2247,0,Foreign_Dealer_Self,0
2025-12-04,2247,23025,Foreign_Investor,3000
2025-12-04,2247,0,Investment_Trust,0
2025-12-05,2247,0,Dealer_Hedging,0
2025-12-05,2247,2000,Dealer_self,0
2025-12-05,2247,0,Foreign_Dealer_Self,0
2025-12-05,2247,12000,Foreign_Investor,5000
2025-12-05,2247,0,Investment_Trust,0
2025-12-08,2247,0,Dealer_Hedging,0
2025-12-08,2247,1000,Dealer_self,0
2025-12-08,2247,0,Foreign_Dealer_Self,0
2025-12-08,2247,8000,Foreign_Investor,3000
2025-12-08,2247,0,Investment_Trust,0
2025-12-09,2247,0,Dealer_Hedging,0
2025-12-09,2247,241,Dealer_self,0
2025-12-09,2247,0,Foreign_Dealer_Self,0
2025-12-09,2247,26000,Foreign_Investor,1000
2025-12-09,2247,0,Investment_Trust,0
2025-12-10,2247,0,Dealer_Hedging,0
2025-12-10,2247,1000,Dealer_self,0
2025-12-10,2247,0,Foreign_Dealer_Self,0
2025-12-10,2247,14000,Foreign_Investor,3000
2025-12-10,2247,0,Investment_Trust,0
2025-12-11,2247,0,Dealer_Hedging,0
2025-12-11,2247,0,Dealer_self,1000
2025-12-11,2247,0,Foreign_Dealer_Self,0
2025-12-11,2247,5000,Foreign_Investor,14000
2025-12-11,2247,0,Investment_Trust,0
2025-12-12,2247,0,Dealer_Hedging,0
2025-12-12,2247,0,Dealer_self,0
2025-12-12,2247,0,Foreign_Dealer_Self,0
2025-12-12,2247,9000,Foreign_Investor,5000
2025-12-12,2247,0,Investment_Trust,0
2025-12-15,2247,0,Dealer_Hedging,0
2025-12-15,2247,1000,Dealer_self,0
2025-12-15,2247,0,Foreign_Dealer_Self,0
2025-12-15,2247,3000,Foreign_Investor,9000
2025-12-15,2247,0,Investment_Trust,0
2025-12-16,2247,0,Dealer_Hedging,0
2025-12-16,2247,0,Dealer_self,0
2025-12-16,2247,0,Foreign_Dealer_Self,0
2025-12-16,2247,7000,Foreign_Investor,74000
2025-12-16,2247,0,Investment_Trust,0
2025-12-17,2247,0,Dealer_Hedging,0
2025-12-17,2247,2000,Dealer_self,0
2025-12-17,2247,0,Foreign_Dealer_Self,0
2025-12-17,2247,6000,Foreign_Investor,22000
2025-12-17,2247,0,Investment_Trust,0
2025-12-18,2247,0,Dealer_Hedging,0
2025-12-18,2247,2000,Dealer_self,0
2025-12-18,2247,0,Foreign_Dealer_Self,0
2025-12-18,2247,5000,Foreign_Investor,12000
2025-12-18,2247,0,Investment_Trust,0
2025-12-19,2247,0,Dealer_Hedging,0
2025-12-19,2247,1000,Dealer_self,0
2025-12-19,2247,0,Foreign_Dealer_Self,0
2025-12-19,2247,1000,Foreign_Investor,3000
2025-12-19,2247,0,Investment_Trust,0
2025-12-22,2247,1000,Dealer_Hedging,0
2025-12-22,2247,3,Dealer_self,0
2025-12-22,2247,0,Foreign_Dealer_Self,0
2025-12-22,2247,5000,Foreign_Investor,12000
2025-12-22,2247,0,Investment_Trust,0
2025-12-23,2247,0,Dealer_Hedging,0
2025-12-23,2247,139,Dealer_self,0
2025-12-23,2247,0,Foreign_Dealer_Self,0
2025-12-23,2247,2000,Foreign_Investor,21002
2025-12-23,2247,0,Investment_Trust,0
2025-12-24,2247,0,Dealer_Hedging,0
2025-12-24,2247,0,Dealer_self,0
2025-12-24,2247,0,Foreign_Dealer_Self,0
2025-12-24,2247,2000,Foreign_Investor,37000
2025-12-24,2247,0,Investment_Trust,0
2025-12-26,2247,1000,Dealer_Hedging,1000
2025-12-26,2247,0,Dealer_self,0
2025-12-26,2247,0,Foreign_Dealer_Self,0
2025-12-26,2247,12012,Foreign_Investor,31000
2025-12-26,2247,0,Investment_Trust,0
2025-12-29,2247,0,Dealer_Hedging,0
2025-12-29,2247,1000,Dealer_self,0
2025-12-29,2247,0,Foreign_Dealer_Self,0
2025-12-29,2247,11000,Foreign_Investor,28000
2025-12-29,2247,0,Investment_Trust,0
2025-12-30,2247,0,Dealer_Hedging,0
2025-12-30,2247,0,Dealer_self,0
2025-12-30,2247,0,Foreign_Dealer_Self,0
2025-12-30,2247,12000,Foreign_Investor,21000
2025-12-30,2247,0,Investment_Trust,0
2025-12-31,2247,0,Dealer_Hedging,0
2025-12-31,2247,0,Dealer_self,0
2025-12-31,2247,0,Foreign_Dealer_Self,0
2025-12-31,2247,22000,Foreign_Investor,34000
2025-12-31,2247,0,Investment_Trust,0
2026-01-02,2247,0,Dealer_Hedging,0
2026-01-02,2247,0,Dealer_self,4000
2026-01-02,2247,0,Foreign_Dealer_Self,0
2026-01-02,2247,54000,Foreign_Investor,31000
2026-01-02,2247,0,Investment_Trust,0
2026-01-05,2247,0,Dealer_Hedging,0
2026-01-05,2247,1000,Dealer_self,0
2026-01-05,2247,0,Foreign_Dealer_Self,0
2026-01-05,2247,18000,Foreign_Investor,70000
2026-01-05,2247,0,Investment_Trust,0
2026-01-06,2247,0,Dealer_Hedging,0
2026-01-06,2247,0,Dealer_self,1391
2026-01-06,2247,0,Foreign_Dealer_Self,0
2026-01-06,2247,10000,Foreign_Investor,59000
2026-01-06,2247,0,Investment_Trust,0
2026-01-07,2247,0,Dealer_Hedging,0
2026-01-07,2247,0,Dealer_self,0
2026-01-07,2247,0,Foreign_Dealer_Self,0
2026-01-07,2247,28000,Foreign_Investor,45000
2026-01-07,2247,0,Investment_Trust,0
2026-01-08,2247,0,Dealer_Hedging,0
2026-01-08,2247,0,Dealer_self,0
2026-01-08,2247,0,Foreign_Dealer_Self,0
2026-01-08,2247,18000,Foreign_Investor,39000
2026-01-08,2247,0,Investment_Trust,0
2026-01-09,2247,0,Dealer_Hedging,0
2026-01-09,2247,0,Dealer_self,2558
2026-01-09,2247,0,Foreign_Dealer_Self,0
2026-01-09,2247,2000,Foreign_Investor,31000
2026-01-09,2247,0,Investment_Trust,0
2026-01-12,2247,1000,Dealer_Hedging,1000
2026-01-12,2247,0,Dealer_self,0
2026-01-12,2247,0,Foreign_Dealer_Self,0
2026-01-12,2247,9000,Foreign_Investor,47150
2026-01-12,2247,0,Investment_Trust,0
2026-01-13,2247,0,Dealer_Hedging,0
2026-01-13,2247,15000,Dealer_self,0
2026-01-13,2247,0,Foreign_Dealer_Self,0
2026-01-13,2247,26000,Foreign_Investor,51000
2026-01-13,2247,0,Investment_Trust,1000
2026-01-14,2247,0,Dealer_Hedging,0
2026-01-14,2247,0,Dealer_self,15000
2026-01-14,2247,0,Foreign_Dealer_Self,0
2026-01-14,2247,22000,Foreign_Investor,29000
2026-01-14,2247,0,Investment_Trust,0
2026-01-15,2247,0,Dealer_Hedging,0
2026-01-15,2247,0,Dealer_self,3000
2026-01-15,2247,0,Foreign_Dealer_Self,0
2026-01-15,2247,115000,Foreign_Investor,66000
2026-01-15,2247,0,Investment_Trust,0
2026-01-16,2247,2000,Dealer_Hedging,2000
2026-01-16,2247,45000,Dealer_self,0
2026-01-16,2247,0,Foreign_Dealer_Self,0
2026-01-16,2247,61011,Foreign_Investor,173000
2026-01-16,2247,0,Investment_Trust,2000
2026-01-19,2247,1000,Dealer_Hedging,1000
2026-01-19,2247,1000,Dealer_self,0
2026-01-19,2247,0,Foreign_Dealer_Self,0
2026-01-19,2247,15000,Foreign_Investor,41000
2026-01-19,2247,0,Investment_Trust,26000
2026-01-20,2247,0,Dealer_Hedging,0
2026-01-20,2247,0,Dealer_self,15055
2026-01-20,2247,0,Foreign_Dealer_Self,0
2026-01-20,2247,11000,Foreign_Investor,65000
2026-01-20,2247,0,Investment_Trust,0
2026-01-21,2247,0,Dealer_Hedging,1000
2026-01-21,2247,0,Dealer_self,0
2026-01-21,2247,0,Foreign_Dealer_Self,0
2026-01-21,2247,68000,Foreign_Investor,36000
2026-01-21,2247,0,Investment_Trust,0
2026-01-22,2247,0,Dealer_Hedging,0
2026-01-22,2247,0,Dealer_self,2000
2026-01-22,2247,0,Foreign_Dealer_Self,0
2026-01-22,2247,9000,Foreign_Investor,62000
2026-01-22,2247,0,Investment_Trust,16000
2026-01-23,2247,1000,Dealer_Hedging,1000
2026-01-23,2247,0,Dealer_self,726
2026-01-23,2247,0,Foreign_Dealer_Self,0
2026-01-23,2247,6000,Foreign_Investor,23000
2026-01-23,2247,0,Investment_Trust,73000
2026-01-26,2247,0,Dealer_Hedging,0
2026-01-26,2247,0,Dealer_self,0
2026-01-26,2247,0,Foreign_Dealer_Self,0
2026-01-26,2247,3000,Foreign_Investor,12000
2026-01-26,2247,0,Investment_Trust,0
2026-01-27,2247,0,Dealer_Hedging,0
2026-01-27,2247,0,Dealer_self,0
2026-01-27,2247,0,Foreign_Dealer_Self,0
2026-01-27,2247,5000,Foreign_Investor,11000
2026-01-27,2247,0,Investment_Trust,0
2026-01-28,2247,4,Dealer_Hedging,0
2026-01-28,2247,0,Dealer_self,5173
2026-01-28,2247,0,Foreign_Dealer_Self,0
2026-01-28,2247,8000,Foreign_Investor,5000
2026-01-28,2247,0,Investment_Trust,0
2026-01-29,2247,0,Dealer_Hedging,0
2026-01-29,2247,0,Dealer_self,3000
2026-01-29,2247,0,Foreign_Dealer_Self,0
2026-01-29,2247,16000,Foreign_Investor,10000
2026-01-29,2247,0,Investment_Trust,0
2026-01-30,2247,0,Dealer_Hedging,0
2026-01-30,2247,0,Dealer_self,0
2026-01-30,2247,0,Foreign_Dealer_Self,0
2026-01-30,2247,17000,Foreign_Investor,15000
2026-01-30,2247,0,Investment_Trust,0
2026-02-02,2247,1000,Dealer_Hedging,0
2026-02-02,2247,1000,Dealer_self,20000
2026-02-02,2247,0,Foreign_Dealer_Self,0
2026-02-02,2247,13000,Foreign_Investor,18000
2026-02-02,2247,0,Investment_Trust,0
2026-02-03,2247,0,Dealer_Hedging,0
2026-02-03,2247,1000,Dealer_self,0
2026-02-03,2247,0,Foreign_Dealer_Self,0
2026-02-03,2247,13000,Foreign_Investor,34761
2026-02-03,2247,0,Investment_Trust,0
2026-02-04,2247,0,Dealer_Hedging,0
2026-02-04,2247,0,Dealer_self,0
2026-02-04,2247,0,Foreign_Dealer_Self,0
2026-02-04,2247,21000,Foreign_Investor,12000
2026-02-04,2247,0,Investment_Trust,0
2026-02-05,2247,0,Dealer_Hedging,0
2026-02-05,2247,0,Dealer_self,0
2026-02-05,2247,0,Foreign_Dealer_Self,0
2026-02-05,2247,18000,Foreign_Investor,8000
2026-02-05,2247,0,Investment_Trust,0
2026-02-06,2247,0,Dealer_Hedging,0
2026-02-06,2247,0,Dealer_self,794
2026-02-06,2247,0,Foreign_Dealer_Self,0
2026-02-06,2247,14000,Foreign_Investor,25773
2026-02-06,2247,0,Investment_Trust,0
2026-02-09,2247,978,Dealer_Hedging,1000
2026-02-09,2247,1000,Dealer_self,0
2026-02-09,2247,0,Foreign_Dealer_Self,0
2026-02-09,2247,112312,Foreign_Investor,63000
2026-02-09,2247,0,Investment_Trust,0
2026-02-10,2247,0,Dealer_Hedging,1000
2026-02-10,2247,1000,Dealer_self,0
2026-02-10,2247,0,Foreign_Dealer_Self,0
2026-02-10,2247,204000,Foreign_Investor,31000
2026-02-10,2247,0,Investment_Trust,0
2026-02-11,2247,1058,Dealer_Hedging,1000
2026-02-11,2247,0,Dealer_self,2000
2026-02-11,2247,0,Foreign_Dealer_Self,0
2026-02-11,2247,90000,Foreign_Investor,151000
2026-02-11,2247,0,Investment_Trust,0
2026-02-23,2247,0,Dealer_Hedging,0
2026-02-23,2247,1000,Dealer_self,0
2026-02-23,2247,0,Foreign_Dealer_Self,0
2026-02-23,2247,182520,Foreign_Investor,236461
2026-02-23,2247,0,Investment_Trust,0
2026-02-24,2247,0,Dealer_Hedging,0
2026-02-24,2247,1000,Dealer_self,0
2026-02-24,2247,0,Foreign_Dealer_Self,0
2026-02-24,2247,42020,Foreign_Investor,55100
2026-02-24,2247,0,Investment_Trust,0
2026-02-25,2247,0,Dealer_Hedging,0
2026-02-25,2247,4000,Dealer_self,0
2026-02-25,2247,0,Foreign_Dealer_Self,0
2026-02-25,2247,34000,Foreign_Investor,58000
2026-02-25,2247,0,Investment_Trust,0
2026-02-26,2247,0,Dealer_Hedging,0
2026-02-26,2247,2000,Dealer_self,1000
2026-02-26,2247,0,Foreign_Dealer_Self,0
2026-02-26,2247,34000,Foreign_Investor,43159
2026-02-26,2247,0,Investment_Trust,0
2026-03-02,2247,0,Dealer_Hedging,0
2026-03-02,2247,5000,Dealer_self,0
2026-03-02,2247,0,Foreign_Dealer_Self,0
2026-03-02,2247,18200,Foreign_Investor,46000
2026-03-02,2247,0,Investment_Trust,0
2026-03-03,2247,0,Dealer_Hedging,0
2026-03-03,2247,3000,Dealer_self,0
2026-03-03,2247,0,Foreign_Dealer_Self,0
2026-03-03,2247,17100,Foreign_Investor,51000
2026-03-03,2247,0,Investment_Trust,0
2026-03-04,2247,0,Dealer_Hedging,0
2026-03-04,2247,12000,Dealer_self,1000
2026-03-04,2247,0,Foreign_Dealer_Self,0
2026-03-04,2247,71536,Foreign_Investor,102000
2026-03-04,2247,0,Investment_Trust,0
2026-03-05,2247,0,Dealer_Hedging,0
2026-03-05,2247,1000,Dealer_self,0
2026-03-05,2247,0,Foreign_Dealer_Self,0
2026-03-05,2247,19000,Foreign_Investor,48000
2026-03-05,2247,0,Investment_Trust,0
2026-03-06,2247,0,Dealer_Hedging,0
2026-03-06,2247,3000,Dealer_self,0
2026-03-06,2247,0,Foreign_Dealer_Self,0
2026-03-06,2247,9681,Foreign_Investor,43000
2026-03-06,2247,0,Investment_Trust,0
2026-03-09,2247,1000,Dealer_Hedging,1000
2026-03-09,2247,17000,Dealer_self,3000
2026-03-09,2247,0,Foreign_Dealer_Self,0
2026-03-09,2247,56219,Foreign_Investor,87548
2026-03-09,2247,0,Investment_Trust,0
2026-03-10,2247,0,Dealer_Hedging,0
2026-03-10,2247,0,Dealer_self,0
2026-03-10,2247,0,Foreign_Dealer_Self,0
2026-03-10,2247,28022,Foreign_Investor,39000
2026-03-10,2247,0,Investment_Trust,0
2026-03-11,2247,0,Dealer_Hedging,0
2026-03-11,2247,0,Dealer_self,0
2026-03-11,2247,0,Foreign_Dealer_Self,0
2026-03-11,2247,11330,Foreign_Investor,16000
2026-03-11,2247,0,Investment_Trust,0
2026-03-12,2247,1000,Dealer_Hedging,1000
2026-03-12,2247,0,Dealer_self,0
2026-03-12,2247,0,Foreign_Dealer_Self,0
2026-03-12,2247,19000,Foreign_Investor,30455
2026-03-12,2247,15000,Investment_Trust,0
2026-03-13,2247,1000,Dealer_Hedging,1000
2026-03-13,2247,0,Dealer_self,1000
2026-03-13,2247,0,Foreign_Dealer_Self,0
2026-03-13,2247,15000,Foreign_Investor,35000
2026-03-13,2247,0,Investment_Trust,0
2026-03-16,2247,0,Dealer_Hedging,0
2026-03-16,2247,0,Dealer_self,1000
2026-03-16,2247,0,Foreign_Dealer_Self,0
2026-03-16,2247,14000,Foreign_Investor,29376
2026-03-16,2247,0,Investment_Trust,0
2026-03-17,2247,0,Dealer_Hedging,0
2026-03-17,2247,0,Dealer_self,0
2026-03-17,2247,0,Foreign_Dealer_Self,0
2026-03-17,2247,20000,Foreign_Investor,42373
2026-03-17,2247,0,Investment_Trust,0
2026-03-18,2247,0,Dealer_Hedging,0
2026-03-18,2247,1000,Dealer_self,0
2026-03-18,2247,0,Foreign_Dealer_Self,0
2026-03-18,2247,13000,Foreign_Investor,20800
2026-03-18,2247,0,Investment_Trust,0
2026-03-19,2247,0,Dealer_Hedging,0
2026-03-19,2247,1000,Dealer_self,0
2026-03-19,2247,0,Foreign_Dealer_Self,0
2026-03-19,2247,7041,Foreign_Investor,22000
2026-03-19,2247,0,Investment_Trust,0
2026-03-20,2247,0,Dealer_Hedging,0
2026-03-20,2247,0,Dealer_self,0
2026-03-20,2247,0,Foreign_Dealer_Self,0
2026-03-20,2247,18000,Foreign_Investor,14017
2026-03-20,2247,0,Investment_Trust,0
2026-03-23,2247,0,Dealer_Hedging,0
2026-03-23,2247,3000,Dealer_self,1000
2026-03-23,2247,0,Foreign_Dealer_Self,0
2026-03-23,2247,15000,Foreign_Investor,18000
2026-03-23,2247,0,Investment_Trust,0
2026-03-24,2247,3000,Dealer_Hedging,3000
2026-03-24,2247,1000,Dealer_self,0
2026-03-24,2247,0,Foreign_Dealer_Self,0
2026-03-24,2247,15000,Foreign_Investor,14000
2026-03-24,2247,0,Investment_Trust,0
2026-03-25,2247,0,Dealer_Hedging,0
2026-03-25,2247,0,Dealer_self,0
2026-03-25,2247,0,Foreign_Dealer_Self,0
2026-03-25,2247,27000,Foreign_Investor,11000
2026-03-25,2247,0,Investment_Trust,0
2026-03-26,2247,0,Dealer_Hedging,0
2026-03-26,2247,0,Dealer_self,0
2026-03-26,2247,0,Foreign_Dealer_Self,0
2026-03-26,2247,30000,Foreign_Investor,11000
2026-03-26,2247,0,Investment_Trust,0
2026-03-27,2247,198,Dealer_Hedging,0
2026-03-27,2247,0,Dealer_self,0
2026-03-27,2247,0,Foreign_Dealer_Self,0
2026-03-27,2247,14000,Foreign_Investor,7423
2026-03-27,2247,0,Investment_Trust,0
2026-03-30,2247,0,Dealer_Hedging,0
2026-03-30,2247,1000,Dealer_self,1000
2026-03-30,2247,0,Foreign_Dealer_Self,0
2026-03-30,2247,12000,Foreign_Investor,27000
2026-03-30,2247,0,Investment_Trust,0
2026-03-31,2247,0,Dealer_Hedging,0
2026-03-31,2247,2000,Dealer_self,0
2026-03-31,2247,0,Foreign_Dealer_Self,0
2026-03-31,2247,10000,Foreign_Investor,12080
2026-03-31,2247,0,Investment_Trust,0
2026-04-01,2247,0,Dealer_Hedging,0
2026-04-01,2247,3000,Dealer_self,1000
2026-04-01,2247,0,Foreign_Dealer_Self,0
2026-04-01,2247,15000,Foreign_Investor,4000
2026-04-01,2247,0,Investment_Trust,0
2026-04-02,2247,2000,Dealer_Hedging,2000
2026-04-02,2247,0,Dealer_self,0
2026-04-02,2247,0,Foreign_Dealer_Self,0
2026-04-02,2247,17000,Foreign_Investor,8000
2026-04-02,2247,0,Investment_Trust,0
2026-04-07,2247,0,Dealer_Hedging,0
2026-04-07,2247,0,Dealer_self,0
2026-04-07,2247,0,Foreign_Dealer_Self,0
2026-04-07,2247,4000,Foreign_Investor,3000
2026-04-07,2247,0,Investment_Trust,0
2026-04-08,2247,54,Dealer_Hedging,0
2026-04-08,2247,1000,Dealer_self,0
2026-04-08,2247,0,Foreign_Dealer_Self,0
2026-04-08,2247,19000,Foreign_Investor,14000
2026-04-08,2247,0,Investment_Trust,0
2026-04-09,2247,0,Dealer_Hedging,0
2026-04-09,2247,0,Dealer_self,0
2026-04-09,2247,0,Foreign_Dealer_Self,0
2026-04-09,2247,9000,Foreign_Investor,6000
2026-04-09,2247,0,Investment_Trust,0
2026-04-10,2247,0,Dealer_Hedging,0
2026-04-10,2247,0,Dealer_self,0
2026-04-10,2247,0,Foreign_Dealer_Self,0
2026-04-10,2247,39025,Foreign_Investor,8000
2026-04-10,2247,0,Investment_Trust,8000
2026-04-13,2247,2003,Dealer_Hedging,2000
2026-04-13,2247,0,Dealer_self,0
2026-04-13,2247,0,Foreign_Dealer_Self,0
2026-04-13,2247,13018,Foreign_Investor,27000
2026-04-13,2247,0,Investment_Trust,0
2026-04-14,2247,0,Dealer_Hedging,0
2026-04-14,2247,1000,Dealer_self,0
2026-04-14,2247,0,Foreign_Dealer_Self,0
2026-04-14,2247,15000,Foreign_Investor,29000
2026-04-14,2247,0,Investment_Trust,10000
2026-04-15,2247,2000,Dealer_Hedging,2000
2026-04-15,2247,0,Dealer_self,0
2026-04-15,2247,0,Foreign_Dealer_Self,0
2026-04-15,2247,22000,Foreign_Investor,10000
2026-04-15,2247,0,Investment_Trust,0
2026-04-16,2247,0,Dealer_Hedging,0
2026-04-16,2247,0,Dealer_self,0
2026-04-16,2247,0,Foreign_Dealer_Self,0
2026-04-16,2247,44000,Foreign_Investor,24000
2026-04-16,2247,0,Investment_Trust,0
2026-04-17,2247,10,Dealer_Hedging,0
2026-04-17,2247,0,Dealer_self,0
2026-04-17,2247,0,Foreign_Dealer_Self,0
2026-04-17,2247,15402,Foreign_Investor,21000
2026-04-17,2247,0,Investment_Trust,0
2026-04-20,2247,0,Dealer_Hedging,0
2026-04-20,2247,0,Dealer_self,0
2026-04-20,2247,0,Foreign_Dealer_Self,0
2026-04-20,2247,11000,Foreign_Investor,51000
2026-04-20,2247,0,Investment_Trust,20000
2026-04-21,2247,0,Dealer_Hedging,0
2026-04-21,2247,4000,Dealer_self,0
2026-04-21,2247,0,Foreign_Dealer_Self,0
2026-04-21,2247,25356,Foreign_Investor,20000
2026-04-21,2247,0,Investment_Trust,0
2026-04-22,2247,1000,Dealer_Hedging,0
2026-04-22,2247,4000,Dealer_self,0
2026-04-22,2247,0,Foreign_Dealer_Self,0
2026-04-22,2247,8000,Foreign_Investor,17238
2026-04-22,2247,0,Investment_Trust,30000
2026-04-23,2247,0,Dealer_Hedging,0
2026-04-23,2247,5000,Dealer_self,7000
2026-04-23,2247,0,Foreign_Dealer_Self,0
2026-04-23,2247,27000,Foreign_Investor,48000
2026-04-23,2247,0,Investment_Trust,35000
2026-04-24,2247,0,Dealer_Hedging,0
2026-04-24,2247,6000,Dealer_self,0
2026-04-24,2247,0,Foreign_Dealer_Self,0
2026-04-24,2247,10000,Foreign_Investor,33000
2026-04-24,2247,0,Investment_Trust,0
2026-04-27,2247,4,Dealer_Hedging,0
2026-04-27,2247,6000,Dealer_self,0
2026-04-27,2247,0,Foreign_Dealer_Self,0
2026-04-27,2247,174000,Foreign_Investor,49000
2026-04-27,2247,0,Investment_Trust,52000
2026-04-28,2247,3000,Dealer_Hedging,2000
2026-04-28,2247,0,Dealer_self,0
2026-04-28,2247,0,Foreign_Dealer_Self,0
2026-04-28,2247,47190,Foreign_Investor,50000
2026-04-28,2247,0,Investment_Trust,51000
2026-04-29,2247,0,Dealer_Hedging,0
2026-04-29,2247,0,Dealer_self,0
2026-04-29,2247,0,Foreign_Dealer_Self,0
2026-04-29,2247,58000,Foreign_Investor,27126
2026-04-29,2247,0,Investment_Trust,0
2026-04-30,2247,0,Dealer_Hedging,0
2026-04-30,2247,1000,Dealer_self,1000
2026-04-30,2247,0,Foreign_Dealer_Self,0
2026-04-30,2247,12000,Foreign_Investor,39084
2026-04-30,2247,0,Investment_Trust,0
2026-05-04,2247,0,Dealer_Hedging,0
2026-05-04,2247,0,Dealer_self,0
2026-05-04,2247,0,Foreign_Dealer_Self,0
2026-05-04,2247,46000,Foreign_Investor,16000
2026-05-04,2247,0,Investment_Trust,0
2026-05-05,2247,0,Dealer_Hedging,0
2026-05-05,2247,0,Dealer_self,0
2026-05-05,2247,0,Foreign_Dealer_Self,0
2026-05-05,2247,17000,Foreign_Investor,18000
2026-05-05,2247,0,Investment_Trust,0
2026-05-06,2247,0,Dealer_Hedging,0
2026-05-06,2247,0,Dealer_self,0
2026-05-06,2247,0,Foreign_Dealer_Self,0
2026-05-06,2247,47000,Foreign_Investor,18000
2026-05-06,2247,0,Investment_Trust,0
2026-05-07,2247,0,Dealer_Hedging,0
2026-05-07,2247,1000,Dealer_self,0
2026-05-07,2247,0,Foreign_Dealer_Self,0
2026-05-07,2247,43731,Foreign_Investor,24000
2026-05-07,2247,0,Investment_Trust,0
2026-05-08,2247,0,Dealer_Hedging,0
2026-05-08,2247,0,Dealer_self,0
2026-05-08,2247,0,Foreign_Dealer_Self,0
2026-05-08,2247,40626,Foreign_Investor,29000
2026-05-08,2247,0,Investment_Trust,0
2026-05-11,2247,0,Dealer_Hedging,0
2026-05-11,2247,0,Dealer_self,796
2026-05-11,2247,0,Foreign_Dealer_Self,0
2026-05-11,2247,8000,Foreign_Investor,47400
2026-05-11,2247,0,Investment_Trust,0
2026-05-12,2247,0,Dealer_Hedging,0
2026-05-12,2247,1000,Dealer_self,0
2026-05-12,2247,0,Foreign_Dealer_Self,0
2026-05-12,2247,5181,Foreign_Investor,78000
2026-05-12,2247,0,Investment_Trust,0
2026-05-13,2247,0,Dealer_Hedging,0
2026-05-13,2247,1000,Dealer_self,0
2026-05-13,2247,0,Foreign_Dealer_Self,0
2026-05-13,2247,52000,Foreign_Investor,25806
2026-05-13,2247,0,Investment_Trust,0
2026-05-14,2247,0,Dealer_Hedging,0
2026-05-14,2247,0,Dealer_self,1000
2026-05-14,2247,0,Foreign_Dealer_Self,0
2026-05-14,2247,29000,Foreign_Investor,60000
2026-05-14,2247,0,Investment_Trust,0
2026-05-15,2247,0,Dealer_Hedging,0
2026-05-15,2247,1000,Dealer_self,0
2026-05-15,2247,0,Foreign_Dealer_Self,0
2026-05-15,2247,26000,Foreign_Investor,46000
2026-05-15,2247,0,Investment_Trust,0
2026-05-18,2247,0,Dealer_Hedging,0
2026-05-18,2247,3000,Dealer_self,0
2026-05-18,2247,0,Foreign_Dealer_Self,0
2026-05-18,2247,72000,Foreign_Investor,62001
2026-05-18,2247,0,Investment_Trust,0
2026-05-19,2247,6000,Dealer_Hedging,6000
2026-05-19,2247,0,Dealer_self,0
2026-05-19,2247,0,Foreign_Dealer_Self,0
2026-05-19,2247,49000,Foreign_Investor,34000
2026-05-19,2247,0,Investment_Trust,0
2026-05-20,2247,0,Dealer_Hedging,0
2026-05-20,2247,0,Dealer_self,0
2026-05-20,2247,0,Foreign_Dealer_Self,0
2026-05-20,2247,63000,Foreign_Investor,74662
2026-05-20,2247,0,Investment_Trust,0
2026-05-21,2247,0,Dealer_Hedging,0
2026-05-21,2247,0,Dealer_self,50
2026-05-21,2247,0,Foreign_Dealer_Self,0
2026-05-21,2247,81000,Foreign_Investor,76000
2026-05-21,2247,0,Investment_Trust,0
2026-05-22,2247,0,Dealer_Hedging,0
2026-05-22,2247,0,Dealer_self,0
2026-05-22,2247,0,Foreign_Dealer_Self,0
2026-05-22,2247,23000,Foreign_Investor,19000
2026-05-22,2247,0,Investment_Trust,0
2026-05-25,2247,0,Dealer_Hedging,0
2026-05-25,2247,0,Dealer_self,0
2026-05-25,2247,0,Foreign_Dealer_Self,0
2026-05-25,2247,14000,Foreign_Investor,38000
2026-05-25,2247,0,Investment_Trust,0
2026-05-26,2247,0,Dealer_Hedging,0
2026-05-26,2247,0,Dealer_self,0
2026-05-26,2247,0,Foreign_Dealer_Self,0
2026-05-26,2247,72000,Foreign_Investor,30000
2026-05-26,2247,0,Investment_Trust,0
2026-05-27,2247,0,Dealer_Hedging,0
2026-05-27,2247,0,Dealer_self,0
2026-05-27,2247,0,Foreign_Dealer_Self,0
2026-05-27,2247,24023,Foreign_Investor,21000
2026-05-27,2247,0,Investment_Trust,0
2026-05-28,2247,6,Dealer_Hedging,0
2026-05-28,2247,1000,Dealer_self,1154
2026-05-28,2247,0,Foreign_Dealer_Self,0
2026-05-28,2247,61000,Foreign_Investor,46128
2026-05-28,2247,0,Investment_Trust,0
2026-05-29,2247,7358,Dealer_Hedging,7000
2026-05-29,2247,0,Dealer_self,4000
2026-05-29,2247,0,Foreign_Dealer_Self,0
2026-05-29,2247,497180,Foreign_Investor,584386
2026-05-29,2247,0,Investment_Trust,0
2026-06-01,2247,0,Dealer_Hedging,0
2026-06-01,2247,2000,Dealer_self,0
2026-06-01,2247,0,Foreign_Dealer_Self,0
2026-06-01,2247,28000,Foreign_Investor,84000
2026-06-01,2247,0,Investment_Trust,0
2026-06-02,2247,0,Dealer_Hedging,0
2026-06-02,2247,0,Dealer_self,1000
2026-06-02,2247,0,Foreign_Dealer_Self,0
2026-06-02,2247,24000,Foreign_Investor,24080
2026-06-02,2247,0,Investment_Trust,0
2026-06-03,2247,0,Dealer_Hedging,0
2026-06-03,2247,0,Dealer_self,0
2026-06-03,2247,0,Foreign_Dealer_Self,0
2026-06-03,2247,83000,Foreign_Investor,63000
2026-06-03,2247,0,Investment_Trust,0
2026-06-04,2247,1358,Dealer_Hedging,2000
2026-06-04,2247,0,Dealer_self,14000
2026-06-04,2247,0,Foreign_Dealer_Self,0
2026-06-04,2247,115326,Foreign_Investor,104000
2026-06-04,2247,0,Investment_Trust,0
2026-06-05,2247,0,Dealer_Hedging,0
2026-06-05,2247,0,Dealer_self,0
2026-06-05,2247,0,Foreign_Dealer_Self,0
2026-06-05,2247,46000,Foreign_Investor,67117
2026-06-05,2247,0,Investment_Trust,0
2026-06-08,2247,3006,Dealer_Hedging,3000
2026-06-08,2247,1000,Dealer_self,1000
2026-06-08,2247,0,Foreign_Dealer_Self,0
2026-06-08,2247,61000,Foreign_Investor,41000
2026-06-08,2247,0,Investment_Trust,0
2026-06-09,2247,0,Dealer_Hedging,0
2026-06-09,2247,5000,Dealer_self,0
2026-06-09,2247,0,Foreign_Dealer_Self,0
2026-06-09,2247,58000,Foreign_Investor,38000
2026-06-09,2247,0,Investment_Trust,0
2026-06-10,2247,6000,Dealer_Hedging,6000
2026-06-10,2247,3000,Dealer_self,4000
2026-06-10,2247,0,Foreign_Dealer_Self,0
2026-06-10,2247,81002,Foreign_Investor,52000
2026-06-10,2247,0,Investment_Trust,0
2026-06-11,2247,4000,Dealer_Hedging,4000
2026-06-11,2247,5000,Dealer_self,0
2026-06-11,2247,0,Foreign_Dealer_Self,0
2026-06-11,2247,97377,Foreign_Investor,67000
2026-06-11,2247,0,Investment_Trust,0
2026-06-12,2247,0,Dealer_Hedging,0
2026-06-12,2247,0,Dealer_self,0
2026-06-12,2247,0,Foreign_Dealer_Self,0
2026-06-12,2247,16000,Foreign_Investor,37000
2026-06-12,2247,0,Investment_Trust,0
2026-06-15,2247,0,Dealer_Hedging,0
2026-06-15,2247,0,Dealer_self,0
2026-06-15,2247,0,Foreign_Dealer_Self,0
2026-06-15,2247,60041,Foreign_Investor,15000
2026-06-15,2247,0,Investment_Trust,0
2026-06-16,2247,0,Dealer_Hedging,0
2026-06-16,2247,0,Dealer_self,0
2026-06-16,2247,0,Foreign_Dealer_Self,0
2026-06-16,2247,19090,Foreign_Investor,12000
2026-06-16,2247,0,Investment_Trust,0
2026-06-17,2247,0,Dealer_Hedging,0
2026-06-17,2247,0,Dealer_self,0
2026-06-17,2247,0,Foreign_Dealer_Self,0
2026-06-17,2247,38145,Foreign_Investor,5000
2026-06-17,2247,0,Investment_Trust,0
2026-06-18,2247,0,Dealer_Hedging,0
2026-06-18,2247,1000,Dealer_self,1000
2026-06-18,2247,0,Foreign_Dealer_Self,0
2026-06-18,2247,52286,Foreign_Investor,19370
2026-06-18,2247,0,Investment_Trust,0
2026-06-22,2247,5000,Dealer_Hedging,5000
2026-06-22,2247,0,Dealer_self,0
2026-06-22,2247,0,Foreign_Dealer_Self,0
2026-06-22,2247,31138,Foreign_Investor,47000
2026-06-22,2247,0,Investment_Trust,0
2026-06-23,2247,0,Dealer_Hedging,0
2026-06-23,2247,0,Dealer_self,0
2026-06-23,2247,0,Foreign_Dealer_Self,0
2026-06-23,2247,41200,Foreign_Investor,9000
2026-06-23,2247,0,Investment_Trust,0
2026-06-24,2247,0,Dealer_Hedging,0
2026-06-24,2247,0,Dealer_self,0
2026-06-24,2247,0,Foreign_Dealer_Self,0
2026-06-24,2247,15480,Foreign_Investor,12000
2026-06-24,2247,0,Investment_Trust,0
2026-06-25,2247,0,Dealer_Hedging,0
2026-06-25,2247,0,Dealer_self,0
2026-06-25,2247,0,Foreign_Dealer_Self,0
2026-06-25,2247,27000,Foreign_Investor,13000
2026-06-25,2247,0,Investment_Trust,0
2026-06-26,2247,2000,Dealer_Hedging,2000
2026-06-26,2247,0,Dealer_self,2000
2026-06-26,2247,0,Foreign_Dealer_Self,0
2026-06-26,2247,25285,Foreign_Investor,55000
2026-06-26,2247,0,Investment_Trust,0
2026-06-29,2247,0,Dealer_Hedging,0
2026-06-29,2247,2000,Dealer_self,0
2026-06-29,2247,0,Foreign_Dealer_Self,0
2026-06-29,2247,15090,Foreign_Investor,14000
2026-06-29,2247,0,Investment_Trust,0
2026-06-30,2247,0,Dealer_Hedging,0
2026-06-30,2247,5000,Dealer_self,0
2026-06-30,2247,0,Foreign_Dealer_Self,0
2026-06-30,2247,29805,Foreign_Investor,15000
2026-06-30,2247,0,Investment_Trust,0
2026-07-01,2247,0,Dealer_Hedging,0
2026-07-01,2247,2000,Dealer_self,0
2026-07-01,2247,0,Foreign_Dealer_Self,0
2026-07-01,2247,66112,Foreign_Investor,86000
2026-07-01,2247,134172,Investment_Trust,0
2026-07-02,2247,0,Dealer_Hedging,0
2026-07-02,2247,8000,Dealer_self,1000
2026-07-02,2247,0,Foreign_Dealer_Self,0
2026-07-02,2247,20630,Foreign_Investor,46000
2026-07-02,2247,0,Investment_Trust,0
2026-07-03,2247,0,Dealer_Hedging,0
2026-07-03,2247,1000,Dealer_self,2000
2026-07-03,2247,0,Foreign_Dealer_Self,0
2026-07-03,2247,18000,Foreign_Investor,25250
2026-07-03,2247,0,Investment_Trust,0
2026-07-06,2247,0,Dealer_Hedging,0
2026-07-06,2247,0,Dealer_self,2000
2026-07-06,2247,0,Foreign_Dealer_Self,0
2026-07-06,2247,20000,Foreign_Investor,21000
2026-07-06,2247,0,Investment_Trust,0
2026-07-07,2247,0,Dealer_Hedging,0
2026-07-07,2247,0,Dealer_self,0
2026-07-07,2247,0,Foreign_Dealer_Self,0
2026-07-07,2247,13000,Foreign_Investor,20000
2026-07-07,2247,0,Investment_Trust,0
2026-07-08,2247,0,Dealer_Hedging,0
2026-07-08,2247,0,Dealer_self,0
2026-07-08,2247,0,Foreign_Dealer_Self,0
2026-07-08,2247,7000,Foreign_Investor,15000
2026-07-08,2247,0,Investment_Trust,0
2026-07-09,2247,0,Dealer_Hedging,0
2026-07-09,2247,0,Dealer_self,0
2026-07-09,2247,0,Foreign_Dealer_Self,0
2026-07-09,2247,17000,Foreign_Investor,12000
2026-07-09,2247,0,Investment_Trust,999
2026-07-13,2247,0,Dealer_Hedging,0
2026-07-13,2247,0,Dealer_self,0
2026-07-13,2247,0,Foreign_Dealer_Self,0
2026-07-13,2247,14100,Foreign_Investor,22000
2026-07-13,2247,0,Investment_Trust,0
2026-07-14,2247,0,Dealer_Hedging,0
2026-07-14,2247,1000,Dealer_self,0
2026-07-14,2247,0,Foreign_Dealer_Self,0
2026-07-14,2247,24022,Foreign_Investor,29000
2026-07-14,2247,0,Investment_Trust,0
2026-07-15,2247,0,Dealer_Hedging,0
2026-07-15,2247,0,Dealer_self,0
2026-07-15,2247,0,Foreign_Dealer_Self,0
2026-07-15,2247,23000,Foreign_Investor,9000
2026-07-15,2247,0,Investment_Trust,0
2026-07-16,2247,0,Dealer_Hedging,0
2026-07-16,2247,0,Dealer_self,0
2026-07-16,2247,0,Foreign_Dealer_Self,0
2026-07-16,2247,56000,Foreign_Investor,10000
2026-07-16,2247,0,Investment_Trust,0
2026-07-17,2247,0,Dealer_Hedging,0
2026-07-17,2247,0,Dealer_self,0
2026-07-17,2247,0,Foreign_Dealer_Self,0
2026-07-17,2247,37574,Foreign_Investor,22000
2026-07-17,2247,23000,Investment_Trust,0
2026-07-20,2247,0,Dealer_Hedging,0
2026-07-20,2247,4000,Dealer_self,0
2026-07-20,2247,0,Foreign_Dealer_Self,0
2026-07-20,2247,22400,Foreign_Investor,24000
2026-07-20,2247,2000,Investment_Trust,0
2026-07-21,2247,0,Dealer_Hedging,0
2026-07-21,2247,0,Dealer_self,18000
2026-07-21,2247,0,Foreign_Dealer_Self,0
2026-07-21,2247,15377,Foreign_Investor,2000
2026-07-21,2247,0,Investment_Trust,0
2026-07-22,2247,0,Dealer_Hedging,0
2026-07-22,2247,0,Dealer_self,1071
2026-07-22,2247,0,Foreign_Dealer_Self,0
2026-07-22,2247,11000,Foreign_Investor,10000
2026-07-22,2247,0,Investment_Trust,0
2026-07-23,2247,0,Dealer_Hedging,0
2026-07-23,2247,0,Dealer_self,0
2026-07-23,2247,0,Foreign_Dealer_Self,0
2026-07-23,2247,9000,Foreign_Investor,18000
2026-07-23,2247,0,Investment_Trust,2223
2026-07-24,2247,0,Dealer_Hedging,0
2026-07-24,2247,0,Dealer_self,0
2026-07-24,2247,0,Foreign_Dealer_Self,0
2026-07-24,2247,27000,Foreign_Investor,15000
2026-07-24,2247,0,Investment_Trust,0
2026-07-27,2247,0,Dealer_Hedging,0
2026-07-27,2247,0,Dealer_self,0
2026-07-27,2247,0,Foreign_Dealer_Self,0
2026-07-27,2247,13000,Foreign_Investor,9000
2026-07-27,2247,0,Investment_Trust,0
2026-07-28,2247,0,Dealer_Hedging,0
2026-07-28,2247,0,Dealer_self,0
2026-07-28,2247,0,Foreign_Dealer_Self,0
2026-07-28,2247,24384,Foreign_Investor,15000
2026-07-28,2247,0,Investment_Trust,997
2026-07-29,2247,0,Dealer_Hedging,0
2026-07-29,2247,1000,Dealer_self,0
2026-07-29,2247,0,Foreign_Dealer_Self,0
2026-07-29,2247,129495,Foreign_Investor,33000
2026-07-29,2247,0,Investment_Trust,0
2026-07-30,2247,0,Dealer_Hedging,0
2026-07-30,2247,0,Dealer_self,4000
2026-07-30,2247,0,Foreign_Dealer_Self,0
2026-07-30,2247,106000,Foreign_Investor,40000
2026-07-30,2247,0,Investment_Trust,0
2026-07-31,2247,0,Dealer_Hedging,0
2026-07-31,2247,0,Dealer_self,0
2026-07-31,2247,0,Foreign_Dealer_Self,0
2026-07-31,2247,27787,Foreign_Investor,10000
2026-07-31,2247,0,Investment_Trust,0
2026-08-03,2247,0,Dealer_Hedging,0
2026-08-03,2247,1000,Dealer_self,2000
2026-08-03,2247,0,Foreign_Dealer_Self,0
2026-08-03,2247,17407,Foreign_Investor,35000
2026-08-03,2247,0,Investment_Trust,0
2026-08-04,2247,0,Dealer_Hedging,0
2026-08-04,2247,0,Dealer_self,4000
2026-08-04,2247,0,Foreign_Dealer_Self,0
2026-08-04,2247,21586,Foreign_Investor,30052
2026-08-04,2247,0,Investment_Trust,497
2026-08-05,2247,0,Dealer_Hedging,0
2026-08-05,2247,0,Dealer_self,0
2026-08-05,2247,0,Foreign_Dealer_Self,0
2026-08-05,2247,19000,Foreign_Investor,10000
2026-08-05,2247,0,Investment_Trust,307
2026-08-06,2247,2000,Dealer_self,1000
2026-08-06,2247,54505,Foreign_Investor,13458
2026-08-06,2247,0,Investment_Trust,0
2026-08-07,2247,0,Dealer_self,0
2026-08-07,2247,52000,Foreign_Investor,12000
2026-08-07,2247,0,Investment_Trust,0
2026-08-10,2247,0,Dealer_self,0
2026-08-10,2247,8000,Foreign_Investor,4450
2026-08-10,2247,0,Investment_Trust,0
2026-08-11,2247,0,Dealer_self,0
2026-08-11,2247,8353,Foreign_Investor,9989
2026-08-11,2247,0,Investment_Trust,0
2026-08-12,2247,0,Dealer_self,0
2026-08-12,2247,13000,Foreign_Investor,5000
2026-08-12,2247,0,Investment_Trust,0
2026-08-13,2247,0,Dealer_self,0
2026-08-13,2247,18000,Foreign_Investor,24000
2026-08-13,2247,0,Investment_Trust,501
2026-08-14,2247,0,Dealer_self,0
2026-08-14,2247,12016,Foreign_Investor,51000
2026-08-14,2247,0,Investment_Trust,0
2026-08-17,2247,1000,Dealer_self,0
2026-08-17,2247,29337,Foreign_Investor,8000
2026-08-17,2247,0,Investment_Trust,0
2026-08-18,2247,0,Dealer_self,0
2026-08-18,2247,11000,Foreign_Investor,12117
2026-08-18,2247,0,Investment_Trust,0
2026-08-19,2247,0,Dealer_self,0
2026-08-19,2247,20290,Foreign_Investor,17018
2026-08-19,2247,0,Investment_Trust,0
2026-08-20,2247,0,Dealer_self,0
2026-08-20,2247,21213,Foreign_Investor,7170
2026-08-20,2247,0,Investment_Trust,0
2026-08-21,2247,0,Dealer_self,0
2026-08-21,2247,9000,Foreign_Investor,0
2026-08-21,2247,0,Investment_Trust,0
2026-08-24,2247,0,Dealer_self,0
2026-08-24,2247,2000,Foreign_Investor,1251
2026-08-24,2247,0,Investment_Trust,0
2026-08-25,2247,0,Dealer_self,0
2026-08-25,2247,6488,Foreign_Investor,9280
2026-08-25,2247,0,Investment_Trust,0
2026-08-26,2247,1000,Dealer_self,0
2026-08-26,2247,8117,Foreign_Investor,6000
2026-08-26,2247,0,Investment_Trust,0
2026-08-27,2247,0,Dealer_self,3000
2026-08-27,2247,62000,Foreign_Investor,5000
2026-08-27,2247,0,Investment_Trust,0
2026-08-28,2247,0,Dealer_self,0
2026-08-28,2247,5284,Foreign_Investor,5304
2026-08-28,2247,0,Investment_Trust,0
2026-08-31,2247,0,Dealer_self,0
2026-08-31,2247,20929,Foreign_Investor,12000
2026-08-31,2247,0,Investment_Trust,0
2026-09-01,2247,1000,Dealer_self,0
2026-09-01,2247,14329,Foreign_Investor,6000
2026-09-01,2247,0,Investment_Trust,0
2026-09-02,2247,0,Dealer_self,0
2026-09-02,2247,18346,Foreign_Investor,6655
2026-09-02,2247,0,Investment_Trust,1258
2026-09-03,2247,0,Dealer_self,0
2026-09-03,2247,7390,Foreign_Investor,5000
2026-09-03,2247,504,Investment_Trust,0
2026-09-04,2247,0,Dealer_self,0
2026-09-04,2247,27420,Foreign_Investor,5000
2026-09-04,2247,0,Investment_Trust,63
2026-09-07,2247,0,Dealer_self,391
2026-09-07,2247,27478,Foreign_Investor,8000
2026-09-07,2247,2193,Investment_Trust,0
2026-09-08,2247,0,Dealer_self,0
2026-09-08,2247,10814,Foreign_Investor,0
2026-09-08,2247,0,Investment_Trust,0
2026-09-09,2247,0,Dealer_self,0
2026-09-09,2247,8607,Foreign_Investor,2000
2026-09-09,2247,1002,Investment_Trust,0
2026-09-10,2247,0,Dealer_self,0
2026-09-10,2247,12157,Foreign_Investor,4000
2026-09-10,2247,1002,Investment_Trust,5000
2026-09-11,2247,0,Dealer_self,0
2026-09-11,2247,6000,Foreign_Investor,3000
2026-09-11,2247,1503,Investment_Trust,0
2026-09-14,2247,0,Dealer_self,0
2026-09-14,2247,11448,Foreign_Investor,9000
2026-09-14,2247,0,Investment_Trust,0
2026-09-15,2247,0,Dealer_self,0
2026-09-15,2247,14015,Foreign_Investor,6000
2026-09-15,2247,1503,Investment_Trust,7000
2026-09-16,2247,0,Dealer_self,0
2026-09-16,2247,5000,Foreign_Investor,3000
2026-09-16,2247,1069,Investment_Trust,3000
2026-09-17,2247,0,Dealer_self,0
2026-09-17,2247,29060,Foreign_Investor,6160
2026-09-17,2247,2073,Investment_Trust,0
2026-09-18,2247,1000,Dealer_self,0
2026-09-18,2247,24000,Foreign_Investor,11000
2026-09-18,2247,3285,Investment_Trust,0
2026-09-21,2247,1000,Dealer_self,0
2026-09-21,2247,11111,Foreign_Investor,3000
2026-09-21,2247,5025,Investment_Trust,0
2026-09-22,2247,0,Dealer_self,0
2026-09-22,2247,6026,Foreign_Investor,12040
2026-09-22,2247,13857,Investment_Trust,0
2026-09-23,2247,0,Dealer_self,0
2026-09-23,2247,8000,Foreign_Investor,3000
2026-09-23,2247,0,Investment_Trust,4999
2026-09-24,2247,0,Dealer_self,0
2026-09-24,2247,8000,Foreign_Investor,25070
2026-09-24,2247,0,Investment_Trust,0
2026-09-29,2247,0,Dealer_self,0
2026-09-29,2247,8000,Foreign_Investor,21000
2026-09-29,2247,972,Investment_Trust,0
2026-09-30,2247,0,Dealer_self,0
2026-09-30,2247,24000,Foreign_Investor,5230
2026-09-30,2247,0,Investment_Trust,0
2026-10-01,2247,0,Dealer_self,0
2026-10-01,2247,4235,Foreign_Investor,5000
2026-10-01,2247,299,Investment_Trust,0
2026-10-02,2247,1000,Dealer_self,0
2026-10-02,2247,13440,Foreign_Investor,9000
2026-10-02,2247,0,Investment_Trust,0
2026-10-05,2247,0,Dealer_self,0
2026-10-05,2247,8000,Foreign_Investor,5000
2026-10-05,2247,0,Investment_Trust,0
2026-10-06,2247,0,Dealer_self,0
2026-10-06,2247,14000,Foreign_Investor,11000
2026-10-06,2247,0,Investment_Trust,971
2026-10-07,2247,1000,Dealer_self,0
2026-10-07,2247,4000,Foreign_Investor,5000
2026-10-07,2247,0,Investment_Trust,486
2026-10-08,2247,0,Dealer_self,1000
2026-10-08,2247,24001,Foreign_Investor,9000
2026-10-08,2247,0,Investment_Trust,486
