date,stock_id,buy,name,sell
2025-01-02,5905,0,Dealer_Hedging,755
2025-01-02,5905,0,Dealer_self,0
2025-01-02,5905,0,Foreign_Dealer_Self,0
2025-01-02,5905,653000,Foreign_Investor,252000
2025-01-02,5905,0,Investment_Trust,0
2025-01-03,5905,8000,Dealer_Hedging,8009
2025-01-03,5905,0,Dealer_self,0
2025-01-03,5905,0,Foreign_Dealer_Self,0
2025-01-03,5905,89000,Foreign_Investor,599000
2025-01-03,5905,0,Investment_Trust,0
2025-01-06,5905,1000,Dealer_Hedging,517
2025-01-06,5905,0,Dealer_self,0
2025-01-06,5905,0,Foreign_Dealer_Self,0
2025-01-06,5905,238000,Foreign_Investor,139000
2025-01-06,5905,0,Investment_Trust,0
2025-01-07,5905,5000,Dealer_Hedging,5094
2025-01-07,5905,0,Dealer_self,0
2025-01-07,5905,0,Foreign_Dealer_Self,0
2025-01-07,5905,38000,Foreign_Investor,227000
2025-01-07,5905,0,Investment_Trust,0
2025-01-08,5905,4000,Dealer_Hedging,3825
2025-01-08,5905,0,Dealer_self,0
2025-01-08,5905,0,Foreign_Dealer_Self,0
2025-01-08,5905,142000,Foreign_Investor,79000
2025-01-08,5905,0,Investment_Trust,0
2025-01-09,5905,14000,Dealer_Hedging,14716
2025-01-09,5905,0,Dealer_self,0
2025-01-09,5905,0,Foreign_Dealer_Self,0
2025-01-09,5905,254000,Foreign_Investor,654000
2025-01-09,5905,0,Investment_Trust,0
2025-01-10,5905,19000,Dealer_Hedging,18993
2025-01-10,5905,0,Dealer_self,42000
2025-01-10,5905,0,Foreign_Dealer_Self,0
2025-01-10,5905,677000,Foreign_Investor,255000
2025-01-10,5905,0,Investment_Trust,0
2025-01-13,5905,13000,Dealer_Hedging,12569
2025-01-13,5905,0,Dealer_self,109000
2025-01-13,5905,0,Foreign_Dealer_Self,0
2025-01-13,5905,868000,Foreign_Investor,217000
2025-01-13,5905,0,Investment_Trust,0
2025-01-14,5905,4000,Dealer_Hedging,4317
2025-01-14,5905,0,Dealer_self,0
2025-01-14,5905,0,Foreign_Dealer_Self,0
2025-01-14,5905,258000,Foreign_Investor,104000
2025-01-14,5905,0,Investment_Trust,0
2025-01-15,5905,3000,Dealer_Hedging,2849
2025-01-15,5905,0,Dealer_self,0
2025-01-15,5905,0,Foreign_Dealer_Self,0
2025-01-15,5905,119000,Foreign_Investor,78000
2025-01-15,5905,0,Investment_Trust,0
2025-01-16,5905,9000,Dealer_Hedging,9273
2025-01-16,5905,0,Dealer_self,0
2025-01-16,5905,0,Foreign_Dealer_Self,0
2025-01-16,5905,57000,Foreign_Investor,116000
2025-01-16,5905,0,Investment_Trust,0
2025-01-17,5905,2000,Dealer_Hedging,1926
2025-01-17,5905,0,Dealer_self,0
2025-01-17,5905,0,Foreign_Dealer_Self,0
2025-01-17,5905,725000,Foreign_Investor,944000
2025-01-17,5905,0,Investment_Trust,0
2025-01-20,5905,3000,Dealer_Hedging,2206
2025-01-20,5905,0,Dealer_self,48000
2025-01-20,5905,0,Foreign_Dealer_Self,0
2025-01-20,5905,353000,Foreign_Investor,436000
2025-01-20,5905,0,Investment_Trust,0
2025-01-21,5905,3000,Dealer_Hedging,3783
2025-01-21,5905,0,Dealer_self,0
2025-01-21,5905,0,Foreign_Dealer_Self,0
2025-01-21,5905,120000,Foreign_Investor,141000
2025-01-21,5905,0,Investment_Trust,0
2025-01-22,5905,1000,Dealer_Hedging,780
2025-01-22,5905,0,Dealer_self,0
2025-01-22,5905,0,Foreign_Dealer_Self,0
2025-01-22,5905,94000,Foreign_Investor,240000
2025-01-22,5905,0,Investment_Trust,0
2025-02-03,5905,6000,Dealer_Hedging,6299
2025-02-03,5905,0,Dealer_self,0
2025-02-03,5905,0,Foreign_Dealer_Self,0
2025-02-03,5905,444000,Foreign_Investor,169000
2025-02-03,5905,0,Investment_Trust,0
2025-02-04,5905,7000,Dealer_Hedging,6231
2025-02-04,5905,0,Dealer_self,0
2025-02-04,5905,0,Foreign_Dealer_Self,0
2025-02-04,5905,210000,Foreign_Investor,128000
2025-02-04,5905,0,Investment_Trust,0
2025-02-05,5905,3000,Dealer_Hedging,3078
2025-02-05,5905,0,Dealer_self,0
2025-02-05,5905,0,Foreign_Dealer_Self,0
2025-02-05,5905,217000,Foreign_Investor,61000
2025-02-05,5905,0,Investment_Trust,0
2025-02-06,5905,1000,Dealer_Hedging,751
2025-02-06,5905,0,Dealer_self,0
2025-02-06,5905,0,Foreign_Dealer_Self,0
2025-02-06,5905,102000,Foreign_Investor,19000
2025-02-06,5905,0,Investment_Trust,0
2025-02-07,5905,0,Dealer_Hedging,441
2025-02-07,5905,0,Dealer_self,0
2025-02-07,5905,0,Foreign_Dealer_Self,0
2025-02-07,5905,86000,Foreign_Investor,58000
2025-02-07,5905,0,Investment_Trust,0
2025-02-10,5905,1000,Dealer_Hedging,913
2025-02-10,5905,40000,Dealer_self,0
2025-02-10,5905,0,Foreign_Dealer_Self,0
2025-02-10,5905,177000,Foreign_Investor,95000
2025-02-10,5905,0,Investment_Trust,0
2025-02-11,5905,0,Dealer_Hedging,0
2025-02-11,5905,0,Dealer_self,0
2025-02-11,5905,0,Foreign_Dealer_Self,0
2025-02-11,5905,165000,Foreign_Investor,86000
2025-02-11,5905,0,Investment_Trust,0
2025-02-12,5905,2000,Dealer_Hedging,1945
2025-02-12,5905,0,Dealer_self,0
2025-02-12,5905,0,Foreign_Dealer_Self,0
2025-02-12,5905,320000,Foreign_Investor,173000
2025-02-12,5905,0,Investment_Trust,0
2025-02-13,5905,1000,Dealer_Hedging,714
2025-02-13,5905,18000,Dealer_self,0
2025-02-13,5905,0,Foreign_Dealer_Self,0
2025-02-13,5905,262000,Foreign_Investor,264000
2025-02-13,5905,0,Investment_Trust,0
2025-02-14,5905,3000,Dealer_Hedging,3281
2025-02-14,5905,0,Dealer_self,0
2025-02-14,5905,0,Foreign_Dealer_Self,0
2025-02-14,5905,125000,Foreign_Investor,135000
2025-02-14,5905,0,Investment_Trust,0
2025-02-17,5905,1000,Dealer_Hedging,1025
2025-02-17,5905,0,Dealer_self,0
2025-02-17,5905,0,Foreign_Dealer_Self,0
2025-02-17,5905,279000,Foreign_Investor,31060
2025-02-17,5905,0,Investment_Trust,0
2025-02-18,5905,5000,Dealer_Hedging,5526
2025-02-18,5905,0,Dealer_self,0
2025-02-18,5905,0,Foreign_Dealer_Self,0
2025-02-18,5905,49000,Foreign_Investor,102000
2025-02-18,5905,0,Investment_Trust,0
2025-02-19,5905,2000,Dealer_Hedging,1346
2025-02-19,5905,0,Dealer_self,0
2025-02-19,5905,0,Foreign_Dealer_Self,0
2025-02-19,5905,407020,Foreign_Investor,93000
2025-02-19,5905,0,Investment_Trust,0
2025-02-20,5905,0,Dealer_Hedging,4
2025-02-20,5905,0,Dealer_self,0
2025-02-20,5905,0,Foreign_Dealer_Self,0
2025-02-20,5905,544000,Foreign_Investor,614000
2025-02-20,5905,0,Investment_Trust,0
2025-02-21,5905,0,Dealer_Hedging,0
2025-02-21,5905,0,Dealer_self,0
2025-02-21,5905,0,Foreign_Dealer_Self,0
2025-02-21,5905,521000,Foreign_Investor,285000
2025-02-21,5905,0,Investment_Trust,0
2025-02-24,5905,0,Dealer_Hedging,8
2025-02-24,5905,0,Dealer_self,0
2025-02-24,5905,0,Foreign_Dealer_Self,0
2025-02-24,5905,146000,Foreign_Investor,328000
2025-02-24,5905,0,Investment_Trust,0
2025-02-25,5905,1000,Dealer_Hedging,765
2025-02-25,5905,0,Dealer_self,0
2025-02-25,5905,0,Foreign_Dealer_Self,0
2025-02-25,5905,249000,Foreign_Investor,76000
2025-02-25,5905,0,Investment_Trust,0
2025-02-26,5905,2000,Dealer_Hedging,2874
2025-02-26,5905,0,Dealer_self,0
2025-02-26,5905,0,Foreign_Dealer_Self,0
2025-02-26,5905,78000,Foreign_Investor,169000
2025-02-26,5905,0,Investment_Trust,0
2025-02-27,5905,2000,Dealer_Hedging,1238
2025-02-27,5905,0,Dealer_self,0
2025-02-27,5905,0,Foreign_Dealer_Self,0
2025-02-27,5905,357000,Foreign_Investor,133000
2025-02-27,5905,0,Investment_Trust,0
2025-03-03,5905,2000,Dealer_Hedging,1980
2025-03-03,5905,0,Dealer_self,0
2025-03-03,5905,0,Foreign_Dealer_Self,0
2025-03-03,5905,84000,Foreign_Investor,409000
2025-03-03,5905,0,Investment_Trust,0
2025-03-04,5905,2000,Dealer_Hedging,2316
2025-03-04,5905,0,Dealer_self,0
2025-03-04,5905,0,Foreign_Dealer_Self,0
2025-03-04,5905,187000,Foreign_Investor,167000
2025-03-04,5905,0,Investment_Trust,0
2025-03-05,5905,0,Dealer_Hedging,369
2025-03-05,5905,0,Dealer_self,0
2025-03-05,5905,0,Foreign_Dealer_Self,0
2025-03-05,5905,294000,Foreign_Investor,81000
2025-03-05,5905,0,Investment_Trust,0
2025-03-06,5905,0,Dealer_Hedging,1
2025-03-06,5905,0,Dealer_self,0
2025-03-06,5905,0,Foreign_Dealer_Self,0
2025-03-06,5905,59000,Foreign_Investor,115000
2025-03-06,5905,0,Investment_Trust,0
2025-03-07,5905,2000,Dealer_Hedging,1279
2025-03-07,5905,0,Dealer_self,0
2025-03-07,5905,0,Foreign_Dealer_Self,0
2025-03-07,5905,222000,Foreign_Investor,213000
2025-03-07,5905,0,Investment_Trust,0
2025-03-10,5905,0,Dealer_Hedging,776
2025-03-10,5905,0,Dealer_self,0
2025-03-10,5905,0,Foreign_Dealer_Self,0
2025-03-10,5905,112000,Foreign_Investor,173000
2025-03-10,5905,0,Investment_Trust,0
2025-03-11,5905,4000,Dealer_Hedging,3942
2025-03-11,5905,0,Dealer_self,0
2025-03-11,5905,0,Foreign_Dealer_Self,0
2025-03-11,5905,295300,Foreign_Investor,192000
2025-03-11,5905,0,Investment_Trust,0
2025-03-12,5905,4000,Dealer_Hedging,3595
2025-03-12,5905,0,Dealer_self,0
2025-03-12,5905,0,Foreign_Dealer_Self,0
2025-03-12,5905,86577,Foreign_Investor,235000
2025-03-12,5905,0,Investment_Trust,0
2025-03-13,5905,5000,Dealer_Hedging,4862
2025-03-13,5905,0,Dealer_self,0
2025-03-13,5905,0,Foreign_Dealer_Self,0
2025-03-13,5905,115000,Foreign_Investor,335585
2025-03-13,5905,0,Investment_Trust,0
2025-03-14,5905,2000,Dealer_Hedging,2420
2025-03-14,5905,0,Dealer_self,0
2025-03-14,5905,0,Foreign_Dealer_Self,0
2025-03-14,5905,217000,Foreign_Investor,174000
2025-03-14,5905,0,Investment_Trust,0
2025-03-17,5905,1000,Dealer_Hedging,396
2025-03-17,5905,0,Dealer_self,0
2025-03-17,5905,0,Foreign_Dealer_Self,0
2025-03-17,5905,121000,Foreign_Investor,99000
2025-03-17,5905,0,Investment_Trust,0
2025-03-18,5905,1000,Dealer_Hedging,1116
2025-03-18,5905,8000,Dealer_self,0
2025-03-18,5905,0,Foreign_Dealer_Self,0
2025-03-18,5905,229000,Foreign_Investor,188000
2025-03-18,5905,0,Investment_Trust,0
2025-03-19,5905,1000,Dealer_Hedging,1706
2025-03-19,5905,0,Dealer_self,0
2025-03-19,5905,0,Foreign_Dealer_Self,0
2025-03-19,5905,34000,Foreign_Investor,122000
2025-03-19,5905,0,Investment_Trust,0
2025-03-20,5905,2000,Dealer_Hedging,2088
2025-03-20,5905,0,Dealer_self,0
2025-03-20,5905,0,Foreign_Dealer_Self,0
2025-03-20,5905,94000,Foreign_Investor,87000
2025-03-20,5905,0,Investment_Trust,0
2025-03-21,5905,2000,Dealer_Hedging,1754
2025-03-21,5905,0,Dealer_self,0
2025-03-21,5905,0,Foreign_Dealer_Self,0
2025-03-21,5905,33000,Foreign_Investor,49000
2025-03-21,5905,0,Investment_Trust,0
2025-03-24,5905,7000,Dealer_Hedging,6649
2025-03-24,5905,0,Dealer_self,0
2025-03-24,5905,0,Foreign_Dealer_Self,0
2025-03-24,5905,248000,Foreign_Investor,96000
2025-03-24,5905,0,Investment_Trust,0
2025-03-25,5905,0,Dealer_Hedging,0
2025-03-25,5905,0,Dealer_self,0
2025-03-25,5905,0,Foreign_Dealer_Self,0
2025-03-25,5905,86000,Foreign_Investor,87000
2025-03-25,5905,0,Investment_Trust,0
2025-03-26,5905,0,Dealer_Hedging,0
2025-03-26,5905,0,Dealer_self,0
2025-03-26,5905,0,Foreign_Dealer_Self,0
2025-03-26,5905,82000,Foreign_Investor,17000
2025-03-26,5905,0,Investment_Trust,0
2025-03-27,5905,3000,Dealer_Hedging,3426
2025-03-27,5905,0,Dealer_self,123000
2025-03-27,5905,0,Foreign_Dealer_Self,0
2025-03-27,5905,167000,Foreign_Investor,72000
2025-03-27,5905,0,Investment_Trust,0
2025-03-28,5905,12000,Dealer_Hedging,11588
2025-03-28,5905,0,Dealer_self,123000
2025-03-28,5905,0,Foreign_Dealer_Self,0
2025-03-28,5905,256000,Foreign_Investor,175000
2025-03-28,5905,0,Investment_Trust,0
2025-03-31,5905,27000,Dealer_Hedging,27040
2025-03-31,5905,0,Dealer_self,0
2025-03-31,5905,0,Foreign_Dealer_Self,0
2025-03-31,5905,574200,Foreign_Investor,449000
2025-03-31,5905,0,Investment_Trust,0
2025-04-01,5905,1000,Dealer_Hedging,1057
2025-04-01,5905,0,Dealer_self,0
2025-04-01,5905,0,Foreign_Dealer_Self,0
2025-04-01,5905,276000,Foreign_Investor,224000
2025-04-01,5905,0,Investment_Trust,0
2025-04-02,5905,3000,Dealer_Hedging,2978
2025-04-02,5905,0,Dealer_self,0
2025-04-02,5905,0,Foreign_Dealer_Self,0
2025-04-02,5905,84000,Foreign_Investor,51000
2025-04-02,5905,0,Investment_Trust,0
2025-04-07,5905,6000,Dealer_Hedging,6422
2025-04-07,5905,0,Dealer_self,0
2025-04-07,5905,0,Foreign_Dealer_Self,0
2025-04-07,5905,200,Foreign_Investor,27000
2025-04-07,5905,0,Investment_Trust,0
2025-04-08,5905,16000,Dealer_Hedging,16080
2025-04-08,5905,0,Dealer_self,0
2025-04-08,5905,0,Foreign_Dealer_Self,0
2025-04-08,5905,905000,Foreign_Investor,487000
2025-04-08,5905,0,Investment_Trust,0
2025-04-09,5905,20000,Dealer_Hedging,19987
2025-04-09,5905,0,Dealer_self,0
2025-04-09,5905,0,Foreign_Dealer_Self,0
2025-04-09,5905,1441001,Foreign_Investor,394000
2025-04-09,5905,0,Investment_Trust,0
2025-04-10,5905,0,Dealer_Hedging,0
2025-04-10,5905,0,Dealer_self,0
2025-04-10,5905,0,Foreign_Dealer_Self,0
2025-04-10,5905,96000,Foreign_Investor,0
2025-04-10,5905,0,Investment_Trust,0
2025-04-11,5905,5000,Dealer_Hedging,154091
2025-04-11,5905,0,Dealer_self,0
2025-04-11,5905,0,Foreign_Dealer_Self,0
2025-04-11,5905,872000,Foreign_Investor,443000
2025-04-11,5905,0,Investment_Trust,0
2025-04-14,5905,2000,Dealer_Hedging,2115
2025-04-14,5905,0,Dealer_self,0
2025-04-14,5905,0,Foreign_Dealer_Self,0
2025-04-14,5905,286000,Foreign_Investor,408000
2025-04-14,5905,0,Investment_Trust,0
2025-04-15,5905,0,Dealer_Hedging,2
2025-04-15,5905,0,Dealer_self,0
2025-04-15,5905,0,Foreign_Dealer_Self,0
2025-04-15,5905,268000,Foreign_Investor,134000
2025-04-15,5905,0,Investment_Trust,0
2025-04-16,5905,3000,Dealer_Hedging,3289
2025-04-16,5905,0,Dealer_self,0
2025-04-16,5905,0,Foreign_Dealer_Self,0
2025-04-16,5905,183000,Foreign_Investor,193000
2025-04-16,5905,0,Investment_Trust,0
2025-04-17,5905,1000,Dealer_Hedging,1414
2025-04-17,5905,0,Dealer_self,0
2025-04-17,5905,0,Foreign_Dealer_Self,0
2025-04-17,5905,73001,Foreign_Investor,193000
2025-04-17,5905,0,Investment_Trust,0
2025-04-18,5905,0,Dealer_Hedging,9
2025-04-18,5905,0,Dealer_self,0
2025-04-18,5905,0,Foreign_Dealer_Self,0
2025-04-18,5905,112000,Foreign_Investor,96000
2025-04-18,5905,0,Investment_Trust,0
2025-04-21,5905,7000,Dealer_Hedging,6348
2025-04-21,5905,0,Dealer_self,0
2025-04-21,5905,0,Foreign_Dealer_Self,0
2025-04-21,5905,125001,Foreign_Investor,129000
2025-04-21,5905,0,Investment_Trust,0
2025-04-22,5905,2000,Dealer_Hedging,2659
2025-04-22,5905,0,Dealer_self,0
2025-04-22,5905,0,Foreign_Dealer_Self,0
2025-04-22,5905,147000,Foreign_Investor,82000
2025-04-22,5905,0,Investment_Trust,0
2025-04-23,5905,14000,Dealer_Hedging,13519
2025-04-23,5905,0,Dealer_self,0
2025-04-23,5905,0,Foreign_Dealer_Self,0
2025-04-23,5905,333000,Foreign_Investor,120000
2025-04-23,5905,0,Investment_Trust,0
2025-04-24,5905,12000,Dealer_Hedging,11783
2025-04-24,5905,0,Dealer_self,0
2025-04-24,5905,0,Foreign_Dealer_Self,0
2025-04-24,5905,120000,Foreign_Investor,158000
2025-04-24,5905,0,Investment_Trust,0
2025-04-25,5905,4000,Dealer_Hedging,4428
2025-04-25,5905,0,Dealer_self,0
2025-04-25,5905,0,Foreign_Dealer_Self,0
2025-04-25,5905,113000,Foreign_Investor,38000
2025-04-25,5905,0,Investment_Trust,0
2025-04-28,5905,3000,Dealer_Hedging,3241
2025-04-28,5905,0,Dealer_self,0
2025-04-28,5905,0,Foreign_Dealer_Self,0
2025-04-28,5905,141000,Foreign_Investor,21000
2025-04-28,5905,0,Investment_Trust,0
2025-04-29,5905,0,Dealer_Hedging,3
2025-04-29,5905,0,Dealer_self,0
2025-04-29,5905,0,Foreign_Dealer_Self,0
2025-04-29,5905,133000,Foreign_Investor,7000
2025-04-29,5905,0,Investment_Trust,0
2025-04-30,5905,2000,Dealer_Hedging,1638
2025-04-30,5905,0,Dealer_self,0
2025-04-30,5905,0,Foreign_Dealer_Self,0
2025-04-30,5905,94000,Foreign_Investor,58000
2025-04-30,5905,0,Investment_Trust,0
2025-05-02,5905,5000,Dealer_Hedging,5264
2025-05-02,5905,0,Dealer_self,0
2025-05-02,5905,0,Foreign_Dealer_Self,0
2025-05-02,5905,136000,Foreign_Investor,30000
2025-05-02,5905,0,Investment_Trust,0
2025-05-05,5905,3000,Dealer_Hedging,3016
2025-05-05,5905,0,Dealer_self,0
2025-05-05,5905,0,Foreign_Dealer_Self,0
2025-05-05,5905,342000,Foreign_Investor,235000
2025-05-05,5905,0,Investment_Trust,0
2025-05-06,5905,2000,Dealer_Hedging,1557
2025-05-06,5905,0,Dealer_self,0
2025-05-06,5905,0,Foreign_Dealer_Self,0
2025-05-06,5905,220000,Foreign_Investor,543000
2025-05-06,5905,0,Investment_Trust,0
2025-05-07,5905,5000,Dealer_Hedging,5107
2025-05-07,5905,0,Dealer_self,0
2025-05-07,5905,0,Foreign_Dealer_Self,0
2025-05-07,5905,18000,Foreign_Investor,84000
2025-05-07,5905,0,Investment_Trust,0
2025-05-08,5905,3000,Dealer_Hedging,2832
2025-05-08,5905,0,Dealer_self,0
2025-05-08,5905,0,Foreign_Dealer_Self,0
2025-05-08,5905,117000,Foreign_Investor,44000
2025-05-08,5905,0,Investment_Trust,0
2025-05-09,5905,0,Dealer_Hedging,518
2025-05-09,5905,0,Dealer_self,0
2025-05-09,5905,0,Foreign_Dealer_Self,0
2025-05-09,5905,154000,Foreign_Investor,109000
2025-05-09,5905,0,Investment_Trust,0
2025-05-12,5905,1000,Dealer_Hedging,551
2025-05-12,5905,0,Dealer_self,0
2025-05-12,5905,0,Foreign_Dealer_Self,0
2025-05-12,5905,201000,Foreign_Investor,15000
2025-05-12,5905,0,Investment_Trust,0
2025-05-13,5905,3000,Dealer_Hedging,3211
2025-05-13,5905,0,Dealer_self,0
2025-05-13,5905,0,Foreign_Dealer_Self,0
2025-05-13,5905,82000,Foreign_Investor,96000
2025-05-13,5905,0,Investment_Trust,0
2025-05-14,5905,2000,Dealer_Hedging,1982
2025-05-14,5905,0,Dealer_self,0
2025-05-14,5905,0,Foreign_Dealer_Self,0
2025-05-14,5905,37000,Foreign_Investor,82000
2025-05-14,5905,0,Investment_Trust,0
2025-05-15,5905,3000,Dealer_Hedging,2607
2025-05-15,5905,0,Dealer_self,0
2025-05-15,5905,0,Foreign_Dealer_Self,0
2025-05-15,5905,190000,Foreign_Investor,63000
2025-05-15,5905,0,Investment_Trust,0
2025-05-16,5905,5000,Dealer_Hedging,5369
2025-05-16,5905,0,Dealer_self,0
2025-05-16,5905,0,Foreign_Dealer_Self,0
2025-05-16,5905,125000,Foreign_Investor,157000
2025-05-16,5905,0,Investment_Trust,0
2025-05-19,5905,3000,Dealer_Hedging,2930
2025-05-19,5905,0,Dealer_self,0
2025-05-19,5905,0,Foreign_Dealer_Self,0
2025-05-19,5905,12000,Foreign_Investor,96000
2025-05-19,5905,0,Investment_Trust,0
2025-05-20,5905,2000,Dealer_Hedging,1784
2025-05-20,5905,0,Dealer_self,0
2025-05-20,5905,0,Foreign_Dealer_Self,0
2025-05-20,5905,6000,Foreign_Investor,59000
2025-05-20,5905,0,Investment_Trust,0
2025-05-21,5905,2000,Dealer_Hedging,2126
2025-05-21,5905,0,Dealer_self,0
2025-05-21,5905,0,Foreign_Dealer_Self,0
2025-05-21,5905,86000,Foreign_Investor,75000
2025-05-21,5905,0,Investment_Trust,0
2025-05-22,5905,11000,Dealer_Hedging,11095
2025-05-22,5905,0,Dealer_self,0
2025-05-22,5905,0,Foreign_Dealer_Self,0
2025-05-22,5905,76000,Foreign_Investor,143000
2025-05-22,5905,0,Investment_Trust,0
2025-05-23,5905,0,Dealer_Hedging,372
2025-05-23,5905,0,Dealer_self,0
2025-05-23,5905,0,Foreign_Dealer_Self,0
2025-05-23,5905,64000,Foreign_Investor,55000
2025-05-23,5905,0,Investment_Trust,0
2025-05-26,5905,4000,Dealer_Hedging,4032
2025-05-26,5905,0,Dealer_self,0
2025-05-26,5905,0,Foreign_Dealer_Self,0
2025-05-26,5905,17000,Foreign_Investor,40000
2025-05-26,5905,0,Investment_Trust,0
2025-05-27,5905,5000,Dealer_Hedging,4433
2025-05-27,5905,0,Dealer_self,0
2025-05-27,5905,0,Foreign_Dealer_Self,0
2025-05-27,5905,118000,Foreign_Investor,64000
2025-05-27,5905,0,Investment_Trust,0
2025-05-28,5905,6000,Dealer_Hedging,6631
2025-05-28,5905,0,Dealer_self,0
2025-05-28,5905,0,Foreign_Dealer_Self,0
2025-05-28,5905,14000,Foreign_Investor,155000
2025-05-28,5905,0,Investment_Trust,0
2025-05-29,5905,12000,Dealer_Hedging,11761
2025-05-29,5905,0,Dealer_self,0
2025-05-29,5905,0,Foreign_Dealer_Self,0
2025-05-29,5905,123000,Foreign_Investor,64000
2025-05-29,5905,0,Investment_Trust,0
2025-06-02,5905,9000,Dealer_Hedging,8702
2025-06-02,5905,0,Dealer_self,0
2025-06-02,5905,0,Foreign_Dealer_Self,0
2025-06-02,5905,30000,Foreign_Investor,175000
2025-06-02,5905,0,Investment_Trust,0
2025-06-03,5905,5000,Dealer_Hedging,4955
2025-06-03,5905,0,Dealer_self,0
2025-06-03,5905,0,Foreign_Dealer_Self,0
2025-06-03,5905,106000,Foreign_Investor,34000
2025-06-03,5905,0,Investment_Trust,0
2025-06-04,5905,2000,Dealer_Hedging,2417
2025-06-04,5905,0,Dealer_self,0
2025-06-04,5905,0,Foreign_Dealer_Self,0
2025-06-04,5905,89000,Foreign_Investor,20000
2025-06-04,5905,0,Investment_Trust,0
2025-06-05,5905,2000,Dealer_Hedging,2011
2025-06-05,5905,0,Dealer_self,0
2025-06-05,5905,0,Foreign_Dealer_Self,0
2025-06-05,5905,88000,Foreign_Investor,13000
2025-06-05,5905,0,Investment_Trust,0
2025-06-06,5905,2000,Dealer_Hedging,2134
2025-06-06,5905,0,Dealer_self,0
2025-06-06,5905,0,Foreign_Dealer_Self,0
2025-06-06,5905,86000,Foreign_Investor,41000
2025-06-06,5905,0,Investment_Trust,0
2025-06-09,5905,9000,Dealer_Hedging,8435
2025-06-09,5905,0,Dealer_self,0
2025-06-09,5905,0,Foreign_Dealer_Self,0
2025-06-09,5905,7000,Foreign_Investor,286000
2025-06-09,5905,0,Investment_Trust,0
2025-06-10,5905,5000,Dealer_Hedging,5110
2025-06-10,5905,0,Dealer_self,0
2025-06-10,5905,0,Foreign_Dealer_Self,0
2025-06-10,5905,177000,Foreign_Investor,32000
2025-06-10,5905,0,Investment_Trust,0
2025-06-11,5905,5000,Dealer_Hedging,4981
2025-06-11,5905,0,Dealer_self,0
2025-06-11,5905,0,Foreign_Dealer_Self,0
2025-06-11,5905,65000,Foreign_Investor,40000
2025-06-11,5905,0,Investment_Trust,0
2025-06-12,5905,3000,Dealer_Hedging,2789
2025-06-12,5905,0,Dealer_self,0
2025-06-12,5905,0,Foreign_Dealer_Self,0
2025-06-12,5905,68000,Foreign_Investor,7000
2025-06-12,5905,0,Investment_Trust,0
2025-06-13,5905,2000,Dealer_Hedging,2793
2025-06-13,5905,0,Dealer_self,0
2025-06-13,5905,0,Foreign_Dealer_Self,0
2025-06-13,5905,25000,Foreign_Investor,103000
2025-06-13,5905,0,Investment_Trust,0
2025-06-16,5905,5000,Dealer_Hedging,4105
2025-06-16,5905,0,Dealer_self,0
2025-06-16,5905,0,Foreign_Dealer_Self,0
2025-06-16,5905,30000,Foreign_Investor,86000
2025-06-16,5905,0,Investment_Trust,0
2025-06-17,5905,0,Dealer_Hedging,820
2025-06-17,5905,0,Dealer_self,0
2025-06-17,5905,0,Foreign_Dealer_Self,0
2025-06-17,5905,66000,Foreign_Investor,23000
2025-06-17,5905,0,Investment_Trust,0
2025-06-18,5905,5000,Dealer_Hedging,4240
2025-06-18,5905,0,Dealer_self,0
2025-06-18,5905,0,Foreign_Dealer_Self,0
2025-06-18,5905,101000,Foreign_Investor,13000
2025-06-18,5905,0,Investment_Trust,0
2025-06-19,5905,5000,Dealer_Hedging,5487
2025-06-19,5905,0,Dealer_self,0
2025-06-19,5905,0,Foreign_Dealer_Self,0
2025-06-19,5905,5000,Foreign_Investor,116000
2025-06-19,5905,0,Investment_Trust,0
2025-06-20,5905,8000,Dealer_Hedging,7945
2025-06-20,5905,0,Dealer_self,0
2025-06-20,5905,0,Foreign_Dealer_Self,0
2025-06-20,5905,269000,Foreign_Investor,266000
2025-06-20,5905,0,Investment_Trust,0
2025-06-23,5905,5000,Dealer_Hedging,5123
2025-06-23,5905,0,Dealer_self,0
2025-06-23,5905,0,Foreign_Dealer_Self,0
2025-06-23,5905,74000,Foreign_Investor,296000
2025-06-23,5905,0,Investment_Trust,0
2025-06-24,5905,1000,Dealer_Hedging,1018
2025-06-24,5905,0,Dealer_self,0
2025-06-24,5905,0,Foreign_Dealer_Self,0
2025-06-24,5905,189000,Foreign_Investor,39000
2025-06-24,5905,0,Investment_Trust,0
2025-06-25,5905,2000,Dealer_Hedging,1437
2025-06-25,5905,0,Dealer_self,0
2025-06-25,5905,0,Foreign_Dealer_Self,0
2025-06-25,5905,182000,Foreign_Investor,136000
2025-06-25,5905,0,Investment_Trust,0
2025-06-26,5905,5029,Dealer_Hedging,5478
2025-06-26,5905,0,Dealer_self,0
2025-06-26,5905,0,Foreign_Dealer_Self,0
2025-06-26,5905,323000,Foreign_Investor,413000
2025-06-26,5905,0,Investment_Trust,0
2025-06-27,5905,4000,Dealer_Hedging,3671
2025-06-27,5905,0,Dealer_self,0
2025-06-27,5905,0,Foreign_Dealer_Self,0
2025-06-27,5905,98000,Foreign_Investor,187000
2025-06-27,5905,0,Investment_Trust,0
2025-06-30,5905,8000,Dealer_Hedging,8116
2025-06-30,5905,0,Dealer_self,0
2025-06-30,5905,0,Foreign_Dealer_Self,0
2025-06-30,5905,42000,Foreign_Investor,114000
2025-06-30,5905,0,Investment_Trust,0
2025-07-01,5905,1000,Dealer_Hedging,958
2025-07-01,5905,0,Dealer_self,0
2025-07-01,5905,0,Foreign_Dealer_Self,0
2025-07-01,5905,47000,Foreign_Investor,63000
2025-07-01,5905,0,Investment_Trust,0
2025-07-02,5905,0,Dealer_Hedging,643
2025-07-02,5905,0,Dealer_self,0
2025-07-02,5905,0,Foreign_Dealer_Self,0
2025-07-02,5905,6000,Foreign_Investor,38000
2025-07-02,5905,0,Investment_Trust,0
2025-07-03,5905,6000,Dealer_Hedging,5112
2025-07-03,5905,0,Dealer_self,0
2025-07-03,5905,0,Foreign_Dealer_Self,0
2025-07-03,5905,170000,Foreign_Investor,25000
2025-07-03,5905,0,Investment_Trust,0
2025-07-04,5905,2000,Dealer_Hedging,2301
2025-07-04,5905,0,Dealer_self,0
2025-07-04,5905,0,Foreign_Dealer_Self,0
2025-07-04,5905,64000,Foreign_Investor,59000
2025-07-04,5905,0,Investment_Trust,0
2025-07-07,5905,7000,Dealer_Hedging,7366
2025-07-07,5905,0,Dealer_self,0
2025-07-07,5905,0,Foreign_Dealer_Self,0
2025-07-07,5905,100000,Foreign_Investor,162000
2025-07-07,5905,0,Investment_Trust,0
2025-07-08,5905,4000,Dealer_Hedging,3735
2025-07-08,5905,0,Dealer_self,0
2025-07-08,5905,0,Foreign_Dealer_Self,0
2025-07-08,5905,42000,Foreign_Investor,135000
2025-07-08,5905,0,Investment_Trust,0
2025-07-09,5905,1000,Dealer_Hedging,1321
2025-07-09,5905,0,Dealer_self,0
2025-07-09,5905,0,Foreign_Dealer_Self,0
2025-07-09,5905,5000,Foreign_Investor,32000
2025-07-09,5905,0,Investment_Trust,0
2025-07-10,5905,4000,Dealer_Hedging,3974
2025-07-10,5905,0,Dealer_self,0
2025-07-10,5905,0,Foreign_Dealer_Self,0
2025-07-10,5905,14000,Foreign_Investor,114000
2025-07-10,5905,0,Investment_Trust,0
2025-07-11,5905,0,Dealer_Hedging,4
2025-07-11,5905,0,Dealer_self,0
2025-07-11,5905,0,Foreign_Dealer_Self,0
2025-07-11,5905,96000,Foreign_Investor,104000
2025-07-11,5905,0,Investment_Trust,0
2025-07-14,5905,1000,Dealer_Hedging,238
2025-07-14,5905,0,Dealer_self,0
2025-07-14,5905,0,Foreign_Dealer_Self,0
2025-07-14,5905,46000,Foreign_Investor,33000
2025-07-14,5905,0,Investment_Trust,0
2025-07-15,5905,0,Dealer_Hedging,701
2025-07-15,5905,0,Dealer_self,0
2025-07-15,5905,0,Foreign_Dealer_Self,0
2025-07-15,5905,11000,Foreign_Investor,32000
2025-07-15,5905,0,Investment_Trust,0
2025-07-16,5905,3000,Dealer_Hedging,2442
2025-07-16,5905,0,Dealer_self,0
2025-07-16,5905,0,Foreign_Dealer_Self,0
2025-07-16,5905,144000,Foreign_Investor,31000
2025-07-16,5905,0,Investment_Trust,0
2025-07-17,5905,0,Dealer_Hedging,297
2025-07-17,5905,0,Dealer_self,0
2025-07-17,5905,0,Foreign_Dealer_Self,0
2025-07-17,5905,50000,Foreign_Investor,16000
2025-07-17,5905,0,Investment_Trust,0
2025-07-18,5905,5000,Dealer_Hedging,5089
2025-07-18,5905,0,Dealer_self,0
2025-07-18,5905,0,Foreign_Dealer_Self,0
2025-07-18,5905,55000,Foreign_Investor,121000
2025-07-18,5905,0,Investment_Trust,0
2025-07-21,5905,3000,Dealer_Hedging,3026
2025-07-21,5905,0,Dealer_self,0
2025-07-21,5905,0,Foreign_Dealer_Self,0
2025-07-21,5905,140000,Foreign_Investor,33000
2025-07-21,5905,0,Investment_Trust,0
2025-07-22,5905,8000,Dealer_Hedging,7688
2025-07-22,5905,0,Dealer_self,0
2025-07-22,5905,0,Foreign_Dealer_Self,0
2025-07-22,5905,75000,Foreign_Investor,90000
2025-07-22,5905,0,Investment_Trust,0
2025-07-23,5905,0,Dealer_Hedging,624
2025-07-23,5905,0,Dealer_self,0
2025-07-23,5905,0,Foreign_Dealer_Self,0
2025-07-23,5905,87000,Foreign_Investor,46000
2025-07-23,5905,0,Investment_Trust,0
2025-07-24,5905,2000,Dealer_Hedging,1549
2025-07-24,5905,0,Dealer_self,0
2025-07-24,5905,0,Foreign_Dealer_Self,0
2025-07-24,5905,48000,Foreign_Investor,73000
2025-07-24,5905,0,Investment_Trust,0
2025-07-25,5905,1000,Dealer_Hedging,1199
2025-07-25,5905,0,Dealer_self,0
2025-07-25,5905,0,Foreign_Dealer_Self,0
2025-07-25,5905,126000,Foreign_Investor,82000
2025-07-25,5905,0,Investment_Trust,0
2025-07-28,5905,1000,Dealer_Hedging,863
2025-07-28,5905,0,Dealer_self,0
2025-07-28,5905,0,Foreign_Dealer_Self,0
2025-07-28,5905,178000,Foreign_Investor,37000
2025-07-28,5905,0,Investment_Trust,0
2025-07-29,5905,2000,Dealer_Hedging,2412
2025-07-29,5905,0,Dealer_self,0
2025-07-29,5905,0,Foreign_Dealer_Self,0
2025-07-29,5905,16000,Foreign_Investor,121000
2025-07-29,5905,0,Investment_Trust,0
2025-07-30,5905,1000,Dealer_Hedging,686
2025-07-30,5905,0,Dealer_self,0
2025-07-30,5905,0,Foreign_Dealer_Self,0
2025-07-30,5905,155000,Foreign_Investor,50000
2025-07-30,5905,0,Investment_Trust,0
2025-07-31,5905,2000,Dealer_Hedging,2027
2025-07-31,5905,0,Dealer_self,0
2025-07-31,5905,0,Foreign_Dealer_Self,0
2025-07-31,5905,5000,Foreign_Investor,157000
2025-07-31,5905,0,Investment_Trust,0
2025-08-01,5905,7000,Dealer_Hedging,6392
2025-08-01,5905,0,Dealer_self,0
2025-08-01,5905,0,Foreign_Dealer_Self,0
2025-08-01,5905,421000,Foreign_Investor,285000
2025-08-01,5905,0,Investment_Trust,0
2025-08-04,5905,2000,Dealer_Hedging,2474
2025-08-04,5905,0,Dealer_self,0
2025-08-04,5905,0,Foreign_Dealer_Self,0
2025-08-04,5905,168000,Foreign_Investor,820000
2025-08-04,5905,0,Investment_Trust,0
2025-08-05,5905,2000,Dealer_Hedging,1774
2025-08-05,5905,0,Dealer_self,0
2025-08-05,5905,0,Foreign_Dealer_Self,0
2025-08-05,5905,125000,Foreign_Investor,40000
2025-08-05,5905,0,Investment_Trust,0
2025-08-06,5905,2000,Dealer_Hedging,1967
2025-08-06,5905,0,Dealer_self,0
2025-08-06,5905,0,Foreign_Dealer_Self,0
2025-08-06,5905,153000,Foreign_Investor,51000
2025-08-06,5905,0,Investment_Trust,0
2025-08-07,5905,0,Dealer_Hedging,55
2025-08-07,5905,0,Dealer_self,0
2025-08-07,5905,0,Foreign_Dealer_Self,0
2025-08-07,5905,131000,Foreign_Investor,1087000
2025-08-07,5905,0,Investment_Trust,0
2025-08-08,5905,0,Dealer_Hedging,0
2025-08-08,5905,0,Dealer_self,0
2025-08-08,5905,0,Foreign_Dealer_Self,0
2025-08-08,5905,84000,Foreign_Investor,186000
2025-08-08,5905,0,Investment_Trust,0
2025-08-11,5905,0,Dealer_Hedging,6
2025-08-11,5905,0,Dealer_self,0
2025-08-11,5905,0,Foreign_Dealer_Self,0
2025-08-11,5905,127000,Foreign_Investor,184000
2025-08-11,5905,0,Investment_Trust,0
2025-08-12,5905,0,Dealer_Hedging,1
2025-08-12,5905,0,Dealer_self,0
2025-08-12,5905,0,Foreign_Dealer_Self,0
2025-08-12,5905,371000,Foreign_Investor,107000
2025-08-12,5905,0,Investment_Trust,0
2025-08-13,5905,0,Dealer_Hedging,2
2025-08-13,5905,0,Dealer_self,0
2025-08-13,5905,0,Foreign_Dealer_Self,0
2025-08-13,5905,121000,Foreign_Investor,448000
2025-08-13,5905,0,Investment_Trust,0
2025-08-14,5905,0,Dealer_Hedging,5
2025-08-14,5905,0,Dealer_self,0
2025-08-14,5905,0,Foreign_Dealer_Self,0
2025-08-14,5905,129000,Foreign_Investor,137000
2025-08-14,5905,0,Investment_Trust,0
2025-08-15,5905,0,Dealer_Hedging,1
2025-08-15,5905,0,Dealer_self,0
2025-08-15,5905,0,Foreign_Dealer_Self,0
2025-08-15,5905,206000,Foreign_Investor,67000
2025-08-15,5905,0,Investment_Trust,0
2025-08-18,5905,0,Dealer_Hedging,1
2025-08-18,5905,0,Dealer_self,0
2025-08-18,5905,0,Foreign_Dealer_Self,0
2025-08-18,5905,374000,Foreign_Investor,66000
2025-08-18,5905,0,Investment_Trust,0
2025-08-19,5905,5000,Dealer_Hedging,5016
2025-08-19,5905,0,Dealer_self,0
2025-08-19,5905,0,Foreign_Dealer_Self,0
2025-08-19,5905,712000,Foreign_Investor,89000
2025-08-19,5905,0,Investment_Trust,0
2025-08-20,5905,0,Dealer_Hedging,3
2025-08-20,5905,0,Dealer_self,0
2025-08-20,5905,0,Foreign_Dealer_Self,0
2025-08-20,5905,301000,Foreign_Investor,141000
2025-08-20,5905,0,Investment_Trust,0
2025-08-21,5905,0,Dealer_Hedging,7
2025-08-21,5905,0,Dealer_self,0
2025-08-21,5905,0,Foreign_Dealer_Self,0
2025-08-21,5905,338000,Foreign_Investor,313000
2025-08-21,5905,0,Investment_Trust,0
2025-08-22,5905,0,Dealer_Hedging,71
2025-08-22,5905,0,Dealer_self,0
2025-08-22,5905,0,Foreign_Dealer_Self,0
2025-08-22,5905,83000,Foreign_Investor,479000
2025-08-22,5905,0,Investment_Trust,0
2025-08-25,5905,0,Dealer_Hedging,97
2025-08-25,5905,0,Dealer_self,0
2025-08-25,5905,0,Foreign_Dealer_Self,0
2025-08-25,5905,87000,Foreign_Investor,198000
2025-08-25,5905,0,Investment_Trust,0
2025-08-26,5905,4000,Dealer_Hedging,4409
2025-08-26,5905,0,Dealer_self,0
2025-08-26,5905,0,Foreign_Dealer_Self,0
2025-08-26,5905,361000,Foreign_Investor,138000
2025-08-26,5905,0,Investment_Trust,0
2025-08-27,5905,6000,Dealer_Hedging,5993
2025-08-27,5905,0,Dealer_self,0
2025-08-27,5905,0,Foreign_Dealer_Self,0
2025-08-27,5905,164000,Foreign_Investor,15000
2025-08-27,5905,0,Investment_Trust,0
2025-08-28,5905,2000,Dealer_Hedging,1831
2025-08-28,5905,0,Dealer_self,0
2025-08-28,5905,0,Foreign_Dealer_Self,0
2025-08-28,5905,120000,Foreign_Investor,67000
2025-08-28,5905,0,Investment_Trust,0
2025-08-29,5905,7000,Dealer_Hedging,7069
2025-08-29,5905,0,Dealer_self,0
2025-08-29,5905,0,Foreign_Dealer_Self,0
2025-08-29,5905,151000,Foreign_Investor,200000
2025-08-29,5905,0,Investment_Trust,0
2025-09-01,5905,6000,Dealer_Hedging,5830
2025-09-01,5905,0,Dealer_self,0
2025-09-01,5905,0,Foreign_Dealer_Self,0
2025-09-01,5905,124000,Foreign_Investor,301000
2025-09-01,5905,0,Investment_Trust,0
2025-09-02,5905,6000,Dealer_Hedging,5518
2025-09-02,5905,0,Dealer_self,0
2025-09-02,5905,0,Foreign_Dealer_Self,0
2025-09-02,5905,99000,Foreign_Investor,184000
2025-09-02,5905,0,Investment_Trust,0
2025-09-03,5905,1000,Dealer_Hedging,1477
2025-09-03,5905,0,Dealer_self,0
2025-09-03,5905,0,Foreign_Dealer_Self,0
2025-09-03,5905,73000,Foreign_Investor,76000
2025-09-03,5905,0,Investment_Trust,0
2025-09-04,5905,1000,Dealer_Hedging,1182
2025-09-04,5905,0,Dealer_self,0
2025-09-04,5905,0,Foreign_Dealer_Self,0
2025-09-04,5905,401000,Foreign_Investor,145000
2025-09-04,5905,0,Investment_Trust,0
2025-09-05,5905,0,Dealer_Hedging,19
2025-09-05,5905,0,Dealer_self,0
2025-09-05,5905,0,Foreign_Dealer_Self,0
2025-09-05,5905,112000,Foreign_Investor,392000
2025-09-05,5905,0,Investment_Trust,0
2025-09-08,5905,6000,Dealer_Hedging,5197
2025-09-08,5905,0,Dealer_self,0
2025-09-08,5905,0,Foreign_Dealer_Self,0
2025-09-08,5905,233000,Foreign_Investor,183000
2025-09-08,5905,0,Investment_Trust,0
2025-09-09,5905,8000,Dealer_Hedging,8668
2025-09-09,5905,0,Dealer_self,0
2025-09-09,5905,0,Foreign_Dealer_Self,0
2025-09-09,5905,76000,Foreign_Investor,103000
2025-09-09,5905,0,Investment_Trust,0
2025-09-10,5905,1000,Dealer_Hedging,1066
2025-09-10,5905,0,Dealer_self,0
2025-09-10,5905,0,Foreign_Dealer_Self,0
2025-09-10,5905,275000,Foreign_Investor,53000
2025-09-10,5905,0,Investment_Trust,0
2025-09-11,5905,2000,Dealer_Hedging,2142
2025-09-11,5905,0,Dealer_self,0
2025-09-11,5905,0,Foreign_Dealer_Self,0
2025-09-11,5905,467000,Foreign_Investor,236000
2025-09-11,5905,0,Investment_Trust,0
2025-09-12,5905,0,Dealer_Hedging,4
2025-09-12,5905,0,Dealer_self,0
2025-09-12,5905,0,Foreign_Dealer_Self,0
2025-09-12,5905,468000,Foreign_Investor,84000
2025-09-12,5905,0,Investment_Trust,0
2025-09-15,5905,1000,Dealer_Hedging,221
2025-09-15,5905,0,Dealer_self,0
2025-09-15,5905,0,Foreign_Dealer_Self,0
2025-09-15,5905,29000,Foreign_Investor,339000
2025-09-15,5905,0,Investment_Trust,0
2025-09-16,5905,3000,Dealer_Hedging,3136
2025-09-16,5905,0,Dealer_self,0
2025-09-16,5905,0,Foreign_Dealer_Self,0
2025-09-16,5905,37000,Foreign_Investor,147000
2025-09-16,5905,0,Investment_Trust,0
2025-09-17,5905,1000,Dealer_Hedging,1373
2025-09-17,5905,0,Dealer_self,0
2025-09-17,5905,0,Foreign_Dealer_Self,0
2025-09-17,5905,150000,Foreign_Investor,167000
2025-09-17,5905,0,Investment_Trust,0
2025-09-18,5905,3000,Dealer_Hedging,2479
2025-09-18,5905,0,Dealer_self,0
2025-09-18,5905,0,Foreign_Dealer_Self,0
2025-09-18,5905,33000,Foreign_Investor,67000
2025-09-18,5905,0,Investment_Trust,0
2025-09-19,5905,0,Dealer_Hedging,0
2025-09-19,5905,0,Dealer_self,0
2025-09-19,5905,0,Foreign_Dealer_Self,0
2025-09-19,5905,14000,Foreign_Investor,98000
2025-09-19,5905,0,Investment_Trust,0
2025-09-22,5905,0,Dealer_Hedging,2
2025-09-22,5905,0,Dealer_self,0
2025-09-22,5905,0,Foreign_Dealer_Self,0
2025-09-22,5905,66000,Foreign_Investor,218000
2025-09-22,5905,0,Investment_Trust,0
2025-09-23,5905,0,Dealer_Hedging,1
2025-09-23,5905,0,Dealer_self,0
2025-09-23,5905,0,Foreign_Dealer_Self,0
2025-09-23,5905,45001,Foreign_Investor,115000
2025-09-23,5905,0,Investment_Trust,0
2025-09-24,5905,0,Dealer_Hedging,0
2025-09-24,5905,0,Dealer_self,0
2025-09-24,5905,0,Foreign_Dealer_Self,0
2025-09-24,5905,111000,Foreign_Investor,38000
2025-09-24,5905,0,Investment_Trust,0
2025-09-25,5905,0,Dealer_Hedging,5
2025-09-25,5905,0,Dealer_self,0
2025-09-25,5905,0,Foreign_Dealer_Self,0
2025-09-25,5905,110000,Foreign_Investor,189000
2025-09-25,5905,0,Investment_Trust,0
2025-09-26,5905,3000,Dealer_Hedging,2857
2025-09-26,5905,0,Dealer_self,0
2025-09-26,5905,0,Foreign_Dealer_Self,0
2025-09-26,5905,67360,Foreign_Investor,434000
2025-09-26,5905,0,Investment_Trust,0
2025-09-30,5905,9000,Dealer_Hedging,9373
2025-09-30,5905,0,Dealer_self,0
2025-09-30,5905,0,Foreign_Dealer_Self,0
2025-09-30,5905,271000,Foreign_Investor,162000
2025-09-30,5905,0,Investment_Trust,0
2025-10-01,5905,2000,Dealer_Hedging,1630
2025-10-01,5905,0,Dealer_self,0
2025-10-01,5905,0,Foreign_Dealer_Self,0
2025-10-01,5905,158000,Foreign_Investor,93000
2025-10-01,5905,0,Investment_Trust,0
2025-10-02,5905,1000,Dealer_Hedging,1671
2025-10-02,5905,0,Dealer_self,0
2025-10-02,5905,0,Foreign_Dealer_Self,0
2025-10-02,5905,137000,Foreign_Investor,166000
2025-10-02,5905,0,Investment_Trust,0
2025-10-03,5905,26000,Dealer_Hedging,25761
2025-10-03,5905,0,Dealer_self,0
2025-10-03,5905,0,Foreign_Dealer_Self,0
2025-10-03,5905,248000,Foreign_Investor,671000
2025-10-03,5905,0,Investment_Trust,0
2025-10-07,5905,8000,Dealer_Hedging,8272
2025-10-07,5905,0,Dealer_self,0
2025-10-07,5905,0,Foreign_Dealer_Self,0
2025-10-07,5905,233000,Foreign_Investor,163000
2025-10-07,5905,0,Investment_Trust,0
2025-10-08,5905,2000,Dealer_Hedging,1448
2025-10-08,5905,0,Dealer_self,0
2025-10-08,5905,0,Foreign_Dealer_Self,0
2025-10-08,5905,60000,Foreign_Investor,122000
2025-10-08,5905,0,Investment_Trust,0
2025-10-09,5905,13000,Dealer_Hedging,13017
2025-10-09,5905,0,Dealer_self,0
2025-10-09,5905,0,Foreign_Dealer_Self,0
2025-10-09,5905,226000,Foreign_Investor,237000
2025-10-09,5905,0,Investment_Trust,0
2025-10-13,5905,16000,Dealer_Hedging,15847
2025-10-13,5905,0,Dealer_self,0
2025-10-13,5905,0,Foreign_Dealer_Self,0
2025-10-13,5905,260000,Foreign_Investor,225000
2025-10-13,5905,0,Investment_Trust,0
2025-10-14,5905,10000,Dealer_Hedging,10840
2025-10-14,5905,0,Dealer_self,0
2025-10-14,5905,0,Foreign_Dealer_Self,0
2025-10-14,5905,121000,Foreign_Investor,725000
2025-10-14,5905,0,Investment_Trust,0
2025-10-15,5905,1000,Dealer_Hedging,1005
2025-10-15,5905,0,Dealer_self,0
2025-10-15,5905,0,Foreign_Dealer_Self,0
2025-10-15,5905,428000,Foreign_Investor,166800
2025-10-15,5905,0,Investment_Trust,0
2025-10-16,5905,4000,Dealer_Hedging,3178
2025-10-16,5905,0,Dealer_self,0
2025-10-16,5905,0,Foreign_Dealer_Self,0
2025-10-16,5905,126203,Foreign_Investor,165000
2025-10-16,5905,0,Investment_Trust,0
2025-10-17,5905,0,Dealer_Hedging,7
2025-10-17,5905,0,Dealer_self,0
2025-10-17,5905,0,Foreign_Dealer_Self,0
2025-10-17,5905,439000,Foreign_Investor,161000
2025-10-17,5905,0,Investment_Trust,0
2025-10-20,5905,0,Dealer_Hedging,2
2025-10-20,5905,0,Dealer_self,0
2025-10-20,5905,0,Foreign_Dealer_Self,0
2025-10-20,5905,125000,Foreign_Investor,234000
2025-10-20,5905,0,Investment_Trust,0
2025-10-21,5905,1000,Dealer_Hedging,978
2025-10-21,5905,0,Dealer_self,0
2025-10-21,5905,0,Foreign_Dealer_Self,0
2025-10-21,5905,90000,Foreign_Investor,12000
2025-10-21,5905,0,Investment_Trust,0
2025-10-22,5905,0,Dealer_Hedging,426
2025-10-22,5905,0,Dealer_self,0
2025-10-22,5905,0,Foreign_Dealer_Self,0
2025-10-22,5905,166000,Foreign_Investor,24000
2025-10-22,5905,0,Investment_Trust,0
2025-10-23,5905,4000,Dealer_Hedging,4334
2025-10-23,5905,0,Dealer_self,0
2025-10-23,5905,0,Foreign_Dealer_Self,0
2025-10-23,5905,124000,Foreign_Investor,82000
2025-10-23,5905,0,Investment_Trust,0
2025-10-27,5905,7000,Dealer_Hedging,6786
2025-10-27,5905,0,Dealer_self,0
2025-10-27,5905,0,Foreign_Dealer_Self,0
2025-10-27,5905,384000,Foreign_Investor,351000
2025-10-27,5905,0,Investment_Trust,0
2025-10-28,5905,5000,Dealer_Hedging,4723
2025-10-28,5905,0,Dealer_self,0
2025-10-28,5905,0,Foreign_Dealer_Self,0
2025-10-28,5905,372000,Foreign_Investor,191355
2025-10-28,5905,0,Investment_Trust,0
2025-10-29,5905,10000,Dealer_Hedging,10188
2025-10-29,5905,0,Dealer_self,0
2025-10-29,5905,0,Foreign_Dealer_Self,0
2025-10-29,5905,455000,Foreign_Investor,275000
2025-10-29,5905,0,Investment_Trust,0
2025-10-30,5905,34000,Dealer_Hedging,34048
2025-10-30,5905,0,Dealer_self,0
2025-10-30,5905,0,Foreign_Dealer_Self,0
2025-10-30,5905,475000,Foreign_Investor,586000
2025-10-30,5905,0,Investment_Trust,0
2025-10-31,5905,6000,Dealer_Hedging,6415
2025-10-31,5905,0,Dealer_self,0
2025-10-31,5905,0,Foreign_Dealer_Self,0
2025-10-31,5905,205000,Foreign_Investor,103000
2025-10-31,5905,0,Investment_Trust,0
2025-11-03,5905,12000,Dealer_Hedging,11927
2025-11-03,5905,0,Dealer_self,0
2025-11-03,5905,0,Foreign_Dealer_Self,0
2025-11-03,5905,32000,Foreign_Investor,525000
2025-11-03,5905,0,Investment_Trust,0
2025-11-04,5905,37000,Dealer_Hedging,36408
2025-11-04,5905,0,Dealer_self,0
2025-11-04,5905,0,Foreign_Dealer_Self,0
2025-11-04,5905,153320,Foreign_Investor,266000
2025-11-04,5905,0,Investment_Trust,0
2025-11-05,5905,25000,Dealer_Hedging,25064
2025-11-05,5905,0,Dealer_self,0
2025-11-05,5905,0,Foreign_Dealer_Self,0
2025-11-05,5905,312000,Foreign_Investor,339739
2025-11-05,5905,0,Investment_Trust,0
2025-11-06,5905,9000,Dealer_Hedging,9645
2025-11-06,5905,0,Dealer_self,0
2025-11-06,5905,0,Foreign_Dealer_Self,0
2025-11-06,5905,369000,Foreign_Investor,432000
2025-11-06,5905,0,Investment_Trust,0
2025-11-07,5905,5000,Dealer_Hedging,4466
2025-11-07,5905,0,Dealer_self,0
2025-11-07,5905,0,Foreign_Dealer_Self,0
2025-11-07,5905,53000,Foreign_Investor,166000
2025-11-07,5905,0,Investment_Trust,0
2025-11-10,5905,42000,Dealer_Hedging,42336
2025-11-10,5905,0,Dealer_self,0
2025-11-10,5905,0,Foreign_Dealer_Self,0
2025-11-10,5905,113000,Foreign_Investor,711000
2025-11-10,5905,0,Investment_Trust,0
2025-11-11,5905,7026,Dealer_Hedging,6739
2025-11-11,5905,0,Dealer_self,0
2025-11-11,5905,0,Foreign_Dealer_Self,0
2025-11-11,5905,961000,Foreign_Investor,779000
2025-11-11,5905,0,Investment_Trust,0
2025-11-12,5905,1000,Dealer_Hedging,1443
2025-11-12,5905,0,Dealer_self,0
2025-11-12,5905,0,Foreign_Dealer_Self,0
2025-11-12,5905,457000,Foreign_Investor,153000
2025-11-12,5905,0,Investment_Trust,0
2025-11-13,5905,10000,Dealer_Hedging,9918
2025-11-13,5905,0,Dealer_self,0
2025-11-13,5905,0,Foreign_Dealer_Self,0
2025-11-13,5905,802000,Foreign_Investor,499000
2025-11-13,5905,0,Investment_Trust,0
2025-11-14,5905,13000,Dealer_Hedging,12789
2025-11-14,5905,0,Dealer_self,0
2025-11-14,5905,0,Foreign_Dealer_Self,0
2025-11-14,5905,83000,Foreign_Investor,325000
2025-11-14,5905,0,Investment_Trust,0
2025-11-17,5905,24000,Dealer_Hedging,24151
2025-11-17,5905,0,Dealer_self,0
2025-11-17,5905,0,Foreign_Dealer_Self,0
2025-11-17,5905,227000,Foreign_Investor,562000
2025-11-17,5905,0,Investment_Trust,0
2025-11-18,5905,73000,Dealer_Hedging,72532
2025-11-18,5905,15000,Dealer_self,0
2025-11-18,5905,0,Foreign_Dealer_Self,0
2025-11-18,5905,468000,Foreign_Investor,475000
2025-11-18,5905,0,Investment_Trust,0
2025-11-19,5905,8000,Dealer_Hedging,8385
2025-11-19,5905,0,Dealer_self,0
2025-11-19,5905,0,Foreign_Dealer_Self,0
2025-11-19,5905,395001,Foreign_Investor,131000
2025-11-19,5905,0,Investment_Trust,0
2025-11-20,5905,5000,Dealer_Hedging,5149
2025-11-20,5905,0,Dealer_self,0
2025-11-20,5905,0,Foreign_Dealer_Self,0
2025-11-20,5905,93002,Foreign_Investor,95000
2025-11-20,5905,0,Investment_Trust,0
2025-11-21,5905,42000,Dealer_Hedging,41301
2025-11-21,5905,0,Dealer_self,0
2025-11-21,5905,0,Foreign_Dealer_Self,0
2025-11-21,5905,437000,Foreign_Investor,256000
2025-11-21,5905,0,Investment_Trust,0
2025-11-24,5905,3000,Dealer_Hedging,2906
2025-11-24,5905,0,Dealer_self,0
2025-11-24,5905,0,Foreign_Dealer_Self,0
2025-11-24,5905,238000,Foreign_Investor,59000
2025-11-24,5905,0,Investment_Trust,0
2025-11-25,5905,1000,Dealer_Hedging,1650
2025-11-25,5905,0,Dealer_self,0
2025-11-25,5905,0,Foreign_Dealer_Self,0
2025-11-25,5905,326000,Foreign_Investor,62000
2025-11-25,5905,0,Investment_Trust,0
2025-11-26,5905,0,Dealer_Hedging,178
2025-11-26,5905,0,Dealer_self,0
2025-11-26,5905,0,Foreign_Dealer_Self,0
2025-11-26,5905,233000,Foreign_Investor,32000
2025-11-26,5905,0,Investment_Trust,0
2025-11-27,5905,8000,Dealer_Hedging,7190
2025-11-27,5905,0,Dealer_self,0
2025-11-27,5905,0,Foreign_Dealer_Self,0
2025-11-27,5905,249000,Foreign_Investor,43000
2025-11-27,5905,0,Investment_Trust,0
2025-11-28,5905,3000,Dealer_Hedging,3368
2025-11-28,5905,0,Dealer_self,3000
2025-11-28,5905,0,Foreign_Dealer_Self,0
2025-11-28,5905,212000,Foreign_Investor,65000
2025-11-28,5905,0,Investment_Trust,0
2025-12-01,5905,8000,Dealer_Hedging,8345
2025-12-01,5905,0,Dealer_self,0
2025-12-01,5905,0,Foreign_Dealer_Self,0
2025-12-01,5905,99000,Foreign_Investor,363000
2025-12-01,5905,0,Investment_Trust,0
2025-12-02,5905,4000,Dealer_Hedging,3372
2025-12-02,5905,0,Dealer_self,0
2025-12-02,5905,0,Foreign_Dealer_Self,0
2025-12-02,5905,206000,Foreign_Investor,206000
2025-12-02,5905,0,Investment_Trust,0
2025-12-03,5905,0,Dealer_Hedging,0
2025-12-03,5905,98000,Dealer_self,0
2025-12-03,5905,0,Foreign_Dealer_Self,0
2025-12-03,5905,336000,Foreign_Investor,17000
2025-12-03,5905,0,Investment_Trust,0
2025-12-04,5905,0,Dealer_Hedging,144
2025-12-04,5905,0,Dealer_self,0
2025-12-04,5905,0,Foreign_Dealer_Self,0
2025-12-04,5905,102000,Foreign_Investor,45000
2025-12-04,5905,0,Investment_Trust,0
2025-12-05,5905,5000,Dealer_Hedging,5277
2025-12-05,5905,0,Dealer_self,0
2025-12-05,5905,0,Foreign_Dealer_Self,0
2025-12-05,5905,55000,Foreign_Investor,185000
2025-12-05,5905,0,Investment_Trust,0
2025-12-08,5905,16000,Dealer_Hedging,15408
2025-12-08,5905,0,Dealer_self,0
2025-12-08,5905,0,Foreign_Dealer_Self,0
2025-12-08,5905,277000,Foreign_Investor,70000
2025-12-08,5905,0,Investment_Trust,0
2025-12-09,5905,10000,Dealer_Hedging,10918
2025-12-09,5905,0,Dealer_self,0
2025-12-09,5905,0,Foreign_Dealer_Self,0
2025-12-09,5905,403000,Foreign_Investor,833000
2025-12-09,5905,0,Investment_Trust,0
2025-12-10,5905,2000,Dealer_Hedging,1489
2025-12-10,5905,0,Dealer_self,0
2025-12-10,5905,0,Foreign_Dealer_Self,0
2025-12-10,5905,266000,Foreign_Investor,78000
2025-12-10,5905,0,Investment_Trust,0
2025-12-11,5905,5000,Dealer_Hedging,4757
2025-12-11,5905,0,Dealer_self,0
2025-12-11,5905,0,Foreign_Dealer_Self,0
2025-12-11,5905,257000,Foreign_Investor,228000
2025-12-11,5905,0,Investment_Trust,0
2025-12-12,5905,0,Dealer_Hedging,353
2025-12-12,5905,0,Dealer_self,0
2025-12-12,5905,0,Foreign_Dealer_Self,0
2025-12-12,5905,314000,Foreign_Investor,13000
2025-12-12,5905,0,Investment_Trust,0
2025-12-15,5905,0,Dealer_Hedging,3
2025-12-15,5905,0,Dealer_self,0
2025-12-15,5905,0,Foreign_Dealer_Self,0
2025-12-15,5905,339000,Foreign_Investor,76333
2025-12-15,5905,0,Investment_Trust,0
2025-12-16,5905,5000,Dealer_Hedging,5029
2025-12-16,5905,0,Dealer_self,0
2025-12-16,5905,0,Foreign_Dealer_Self,0
2025-12-16,5905,273000,Foreign_Investor,275000
2025-12-16,5905,0,Investment_Trust,0
2025-12-17,5905,6000,Dealer_Hedging,5537
2025-12-17,5905,0,Dealer_self,0
2025-12-17,5905,0,Foreign_Dealer_Self,0
2025-12-17,5905,253000,Foreign_Investor,81000
2025-12-17,5905,0,Investment_Trust,0
2025-12-18,5905,7000,Dealer_Hedging,6952
2025-12-18,5905,0,Dealer_self,0
2025-12-18,5905,0,Foreign_Dealer_Self,0
2025-12-18,5905,117000,Foreign_Investor,44000
2025-12-18,5905,0,Investment_Trust,0
2025-12-19,5905,0,Dealer_Hedging,361
2025-12-19,5905,18000,Dealer_self,0
2025-12-19,5905,0,Foreign_Dealer_Self,0
2025-12-19,5905,378000,Foreign_Investor,48000
2025-12-19,5905,0,Investment_Trust,0
2025-12-22,5905,1000,Dealer_Hedging,1327
2025-12-22,5905,2000,Dealer_self,0
2025-12-22,5905,0,Foreign_Dealer_Self,0
2025-12-22,5905,122000,Foreign_Investor,27000
2025-12-22,5905,0,Investment_Trust,0
2025-12-23,5905,7000,Dealer_Hedging,6840
2025-12-23,5905,0,Dealer_self,0
2025-12-23,5905,0,Foreign_Dealer_Self,0
2025-12-23,5905,105000,Foreign_Investor,58000
2025-12-23,5905,0,Investment_Trust,0
2025-12-24,5905,2000,Dealer_Hedging,1936
2025-12-24,5905,0,Dealer_self,0
2025-12-24,5905,0,Foreign_Dealer_Self,0
2025-12-24,5905,273000,Foreign_Investor,84000
2025-12-24,5905,0,Investment_Trust,0
2025-12-26,5905,0,Dealer_Hedging,231
2025-12-26,5905,0,Dealer_self,0
2025-12-26,5905,0,Foreign_Dealer_Self,0
2025-12-26,5905,303000,Foreign_Investor,56000
2025-12-26,5905,0,Investment_Trust,0
2025-12-29,5905,20000,Dealer_Hedging,20042
2025-12-29,5905,0,Dealer_self,0
2025-12-29,5905,0,Foreign_Dealer_Self,0
2025-12-29,5905,120000,Foreign_Investor,783000
2025-12-29,5905,0,Investment_Trust,0
2025-12-30,5905,0,Dealer_Hedging,0
2025-12-30,5905,0,Dealer_self,0
2025-12-30,5905,0,Foreign_Dealer_Self,0
2025-12-30,5905,469000,Foreign_Investor,115000
2025-12-30,5905,0,Investment_Trust,0
2025-12-31,5905,7000,Dealer_Hedging,6461
2025-12-31,5905,20000,Dealer_self,0
2025-12-31,5905,0,Foreign_Dealer_Self,0
2025-12-31,5905,209000,Foreign_Investor,40000
2025-12-31,5905,0,Investment_Trust,0
2026-01-02,5905,3000,Dealer_Hedging,3028
2026-01-02,5905,0,Dealer_self,0
2026-01-02,5905,0,Foreign_Dealer_Self,0
2026-01-02,5905,192000,Foreign_Investor,63000
2026-01-02,5905,0,Investment_Trust,0
2026-01-05,5905,15000,Dealer_Hedging,14758
2026-01-05,5905,0,Dealer_self,23000
2026-01-05,5905,0,Foreign_Dealer_Self,0
2026-01-05,5905,66000,Foreign_Investor,861000
2026-01-05,5905,0,Investment_Trust,0
2026-01-06,5905,0,Dealer_Hedging,795
2026-01-06,5905,0,Dealer_self,0
2026-01-06,5905,0,Foreign_Dealer_Self,0
2026-01-06,5905,232000,Foreign_Investor,60000
2026-01-06,5905,0,Investment_Trust,0
2026-01-07,5905,7000,Dealer_Hedging,6173
2026-01-07,5905,0,Dealer_self,0
2026-01-07,5905,0,Foreign_Dealer_Self,0
2026-01-07,5905,473000,Foreign_Investor,125000
2026-01-07,5905,0,Investment_Trust,0
2026-01-08,5905,3000,Dealer_Hedging,3500
2026-01-08,5905,0,Dealer_self,0
2026-01-08,5905,0,Foreign_Dealer_Self,0
2026-01-08,5905,405000,Foreign_Investor,117000
2026-01-08,5905,0,Investment_Trust,0
2026-01-09,5905,2000,Dealer_Hedging,2299
2026-01-09,5905,0,Dealer_self,0
2026-01-09,5905,0,Foreign_Dealer_Self,0
2026-01-09,5905,219000,Foreign_Investor,235318
2026-01-09,5905,0,Investment_Trust,0
2026-01-12,5905,1000,Dealer_Hedging,757
2026-01-12,5905,0,Dealer_self,0
2026-01-12,5905,0,Foreign_Dealer_Self,0
2026-01-12,5905,317497,Foreign_Investor,22000
2026-01-12,5905,0,Investment_Trust,0
2026-01-13,5905,7000,Dealer_Hedging,7367
2026-01-13,5905,0,Dealer_self,0
2026-01-13,5905,0,Foreign_Dealer_Self,0
2026-01-13,5905,540000,Foreign_Investor,704000
2026-01-13,5905,0,Investment_Trust,0
2026-01-14,5905,2000,Dealer_Hedging,2054
2026-01-14,5905,0,Dealer_self,0
2026-01-14,5905,0,Foreign_Dealer_Self,0
2026-01-14,5905,410000,Foreign_Investor,25000
2026-01-14,5905,0,Investment_Trust,0
2026-01-15,5905,5000,Dealer_Hedging,4382
2026-01-15,5905,0,Dealer_self,0
2026-01-15,5905,0,Foreign_Dealer_Self,0
2026-01-15,5905,195000,Foreign_Investor,271000
2026-01-15,5905,0,Investment_Trust,0
2026-01-16,5905,11000,Dealer_Hedging,11564
2026-01-16,5905,0,Dealer_self,0
2026-01-16,5905,0,Foreign_Dealer_Self,0
2026-01-16,5905,65000,Foreign_Investor,598000
2026-01-16,5905,0,Investment_Trust,0
2026-01-19,5905,2000,Dealer_Hedging,2058
2026-01-19,5905,0,Dealer_self,0
2026-01-19,5905,0,Foreign_Dealer_Self,0
2026-01-19,5905,577000,Foreign_Investor,108000
2026-01-19,5905,0,Investment_Trust,0
2026-01-20,5905,9000,Dealer_Hedging,8181
2026-01-20,5905,0,Dealer_self,0
2026-01-20,5905,0,Foreign_Dealer_Self,0
2026-01-20,5905,487000,Foreign_Investor,90000
2026-01-20,5905,0,Investment_Trust,0
2026-01-21,5905,17000,Dealer_Hedging,17522
2026-01-21,5905,0,Dealer_self,0
2026-01-21,5905,0,Foreign_Dealer_Self,0
2026-01-21,5905,37000,Foreign_Investor,867000
2026-01-21,5905,0,Investment_Trust,0
2026-01-22,5905,2000,Dealer_Hedging,1772
2026-01-22,5905,0,Dealer_self,0
2026-01-22,5905,0,Foreign_Dealer_Self,0
2026-01-22,5905,925000,Foreign_Investor,98000
2026-01-22,5905,0,Investment_Trust,0
2026-01-23,5905,5000,Dealer_Hedging,4803
2026-01-23,5905,0,Dealer_self,0
2026-01-23,5905,0,Foreign_Dealer_Self,0
2026-01-23,5905,177000,Foreign_Investor,674000
2026-01-23,5905,0,Investment_Trust,0
2026-01-26,5905,3000,Dealer_Hedging,3297
2026-01-26,5905,0,Dealer_self,0
2026-01-26,5905,0,Foreign_Dealer_Self,0
2026-01-26,5905,568000,Foreign_Investor,69000
2026-01-26,5905,0,Investment_Trust,0
2026-01-27,5905,3000,Dealer_Hedging,2570
2026-01-27,5905,0,Dealer_self,0
2026-01-27,5905,0,Foreign_Dealer_Self,0
2026-01-27,5905,17000,Foreign_Investor,414000
2026-01-27,5905,0,Investment_Trust,0
2026-01-28,5905,5000,Dealer_Hedging,5247
2026-01-28,5905,0,Dealer_self,0
2026-01-28,5905,0,Foreign_Dealer_Self,0
2026-01-28,5905,207000,Foreign_Investor,129000
2026-01-28,5905,0,Investment_Trust,0
2026-01-29,5905,2000,Dealer_Hedging,1897
2026-01-29,5905,0,Dealer_self,0
2026-01-29,5905,0,Foreign_Dealer_Self,0
2026-01-29,5905,118000,Foreign_Investor,170000
2026-01-29,5905,0,Investment_Trust,0
2026-01-30,5905,6000,Dealer_Hedging,6420
2026-01-30,5905,0,Dealer_self,0
2026-01-30,5905,0,Foreign_Dealer_Self,0
2026-01-30,5905,23000,Foreign_Investor,570000
2026-01-30,5905,0,Investment_Trust,0
2026-02-02,5905,3000,Dealer_Hedging,3069
2026-02-02,5905,0,Dealer_self,0
2026-02-02,5905,0,Foreign_Dealer_Self,0
2026-02-02,5905,176000,Foreign_Investor,298000
2026-02-02,5905,0,Investment_Trust,0
2026-02-03,5905,5000,Dealer_Hedging,4754
2026-02-03,5905,0,Dealer_self,0
2026-02-03,5905,0,Foreign_Dealer_Self,0
2026-02-03,5905,35000,Foreign_Investor,259000
2026-02-03,5905,0,Investment_Trust,0
2026-02-04,5905,0,Dealer_Hedging,337
2026-02-04,5905,0,Dealer_self,0
2026-02-04,5905,0,Foreign_Dealer_Self,0
2026-02-04,5905,294000,Foreign_Investor,32000
2026-02-04,5905,0,Investment_Trust,0
2026-02-05,5905,4512,Dealer_Hedging,3693
2026-02-05,5905,0,Dealer_self,0
2026-02-05,5905,0,Foreign_Dealer_Self,0
2026-02-05,5905,1401000,Foreign_Investor,641000
2026-02-05,5905,0,Investment_Trust,0
2026-02-06,5905,2000,Dealer_Hedging,2383
2026-02-06,5905,0,Dealer_self,0
2026-02-06,5905,0,Foreign_Dealer_Self,0
2026-02-06,5905,187000,Foreign_Investor,637000
2026-02-06,5905,0,Investment_Trust,0
2026-02-09,5905,5000,Dealer_Hedging,4948
2026-02-09,5905,0,Dealer_self,0
2026-02-09,5905,0,Foreign_Dealer_Self,0
2026-02-09,5905,238000,Foreign_Investor,693000
2026-02-09,5905,0,Investment_Trust,0
2026-02-10,5905,2000,Dealer_Hedging,1746
2026-02-10,5905,0,Dealer_self,0
2026-02-10,5905,0,Foreign_Dealer_Self,0
2026-02-10,5905,165000,Foreign_Investor,285000
2026-02-10,5905,0,Investment_Trust,0
2026-02-11,5905,5000,Dealer_Hedging,5038
2026-02-11,5905,0,Dealer_self,0
2026-02-11,5905,0,Foreign_Dealer_Self,0
2026-02-11,5905,19022,Foreign_Investor,434000
2026-02-11,5905,0,Investment_Trust,0
2026-02-23,5905,0,Dealer_Hedging,226
2026-02-23,5905,0,Dealer_self,0
2026-02-23,5905,0,Foreign_Dealer_Self,0
2026-02-23,5905,155000,Foreign_Investor,266000
2026-02-23,5905,0,Investment_Trust,0
2026-02-24,5905,19000,Dealer_Hedging,19273
2026-02-24,5905,0,Dealer_self,0
2026-02-24,5905,0,Foreign_Dealer_Self,0
2026-02-24,5905,104000,Foreign_Investor,1800000
2026-02-24,5905,0,Investment_Trust,0
2026-02-25,5905,156000,Dealer_Hedging,155505
2026-02-25,5905,0,Dealer_self,0
2026-02-25,5905,0,Foreign_Dealer_Self,0
2026-02-25,5905,217000,Foreign_Investor,614000
2026-02-25,5905,0,Investment_Trust,0
2026-02-26,5905,26000,Dealer_Hedging,26655
2026-02-26,5905,0,Dealer_self,0
2026-02-26,5905,0,Foreign_Dealer_Self,0
2026-02-26,5905,163000,Foreign_Investor,131000
2026-02-26,5905,0,Investment_Trust,0
2026-03-02,5905,61000,Dealer_Hedging,60518
2026-03-02,5905,0,Dealer_self,0
2026-03-02,5905,0,Foreign_Dealer_Self,0
2026-03-02,5905,46000,Foreign_Investor,735000
2026-03-02,5905,0,Investment_Trust,0
2026-03-03,5905,70000,Dealer_Hedging,70000
2026-03-03,5905,0,Dealer_self,0
2026-03-03,5905,0,Foreign_Dealer_Self,0
2026-03-03,5905,190400,Foreign_Investor,715000
2026-03-03,5905,0,Investment_Trust,0
2026-03-04,5905,79000,Dealer_Hedging,78982
2026-03-04,5905,0,Dealer_self,0
2026-03-04,5905,0,Foreign_Dealer_Self,0
2026-03-04,5905,325020,Foreign_Investor,933000
2026-03-04,5905,0,Investment_Trust,0
2026-03-05,5905,18000,Dealer_Hedging,18677
2026-03-05,5905,0,Dealer_self,0
2026-03-05,5905,0,Foreign_Dealer_Self,0
2026-03-05,5905,431000,Foreign_Investor,149000
2026-03-05,5905,0,Investment_Trust,0
2026-03-06,5905,19000,Dealer_Hedging,18934
2026-03-06,5905,0,Dealer_self,0
2026-03-06,5905,0,Foreign_Dealer_Self,0
2026-03-06,5905,317000,Foreign_Investor,136000
2026-03-06,5905,0,Investment_Trust,0
2026-03-09,5905,45000,Dealer_Hedging,44379
2026-03-09,5905,0,Dealer_self,0
2026-03-09,5905,0,Foreign_Dealer_Self,0
2026-03-09,5905,280000,Foreign_Investor,373000
2026-03-09,5905,0,Investment_Trust,0
2026-03-10,5905,6000,Dealer_Hedging,5953
2026-03-10,5905,0,Dealer_self,0
2026-03-10,5905,0,Foreign_Dealer_Self,0
2026-03-10,5905,211000,Foreign_Investor,39000
2026-03-10,5905,0,Investment_Trust,0
2026-03-11,5905,4000,Dealer_Hedging,3952
2026-03-11,5905,0,Dealer_self,0
2026-03-11,5905,0,Foreign_Dealer_Self,0
2026-03-11,5905,345000,Foreign_Investor,90000
2026-03-11,5905,0,Investment_Trust,0
2026-03-12,5905,15000,Dealer_Hedging,14802
2026-03-12,5905,0,Dealer_self,0
2026-03-12,5905,0,Foreign_Dealer_Self,0
2026-03-12,5905,131000,Foreign_Investor,170000
2026-03-12,5905,0,Investment_Trust,0
2026-03-13,5905,14000,Dealer_Hedging,14355
2026-03-13,5905,0,Dealer_self,0
2026-03-13,5905,0,Foreign_Dealer_Self,0
2026-03-13,5905,33000,Foreign_Investor,154000
2026-03-13,5905,0,Investment_Trust,0
2026-03-16,5905,6000,Dealer_Hedging,6071
2026-03-16,5905,0,Dealer_self,0
2026-03-16,5905,0,Foreign_Dealer_Self,0
2026-03-16,5905,63000,Foreign_Investor,191000
2026-03-16,5905,0,Investment_Trust,0
2026-03-17,5905,7000,Dealer_Hedging,6776
2026-03-17,5905,0,Dealer_self,0
2026-03-17,5905,0,Foreign_Dealer_Self,0
2026-03-17,5905,90000,Foreign_Investor,141000
2026-03-17,5905,0,Investment_Trust,0
2026-03-18,5905,4000,Dealer_Hedging,3976
2026-03-18,5905,0,Dealer_self,0
2026-03-18,5905,0,Foreign_Dealer_Self,0
2026-03-18,5905,66000,Foreign_Investor,145000
2026-03-18,5905,0,Investment_Trust,0
2026-03-19,5905,9000,Dealer_Hedging,9467
2026-03-19,5905,0,Dealer_self,0
2026-03-19,5905,0,Foreign_Dealer_Self,0
2026-03-19,5905,155000,Foreign_Investor,451000
2026-03-19,5905,0,Investment_Trust,0
2026-03-20,5905,7000,Dealer_Hedging,7102
2026-03-20,5905,0,Dealer_self,0
2026-03-20,5905,0,Foreign_Dealer_Self,0
2026-03-20,5905,307000,Foreign_Investor,339000
2026-03-20,5905,0,Investment_Trust,0
2026-03-23,5905,48000,Dealer_Hedging,47297
2026-03-23,5905,0,Dealer_self,0
2026-03-23,5905,0,Foreign_Dealer_Self,0
2026-03-23,5905,168000,Foreign_Investor,265000
2026-03-23,5905,0,Investment_Trust,0
2026-03-24,5905,3000,Dealer_Hedging,3673
2026-03-24,5905,0,Dealer_self,0
2026-03-24,5905,0,Foreign_Dealer_Self,0
2026-03-24,5905,215000,Foreign_Investor,69000
2026-03-24,5905,0,Investment_Trust,0
2026-03-25,5905,5000,Dealer_Hedging,4819
2026-03-25,5905,0,Dealer_self,0
2026-03-25,5905,0,Foreign_Dealer_Self,0
2026-03-25,5905,207000,Foreign_Investor,41000
2026-03-25,5905,0,Investment_Trust,0
2026-03-26,5905,9000,Dealer_Hedging,8702
2026-03-26,5905,0,Dealer_self,0
2026-03-26,5905,0,Foreign_Dealer_Self,0
2026-03-26,5905,109000,Foreign_Investor,121000
2026-03-26,5905,0,Investment_Trust,0
2026-03-27,5905,13000,Dealer_Hedging,13676
2026-03-27,5905,0,Dealer_self,71000
2026-03-27,5905,0,Foreign_Dealer_Self,0
2026-03-27,5905,67000,Foreign_Investor,73000
2026-03-27,5905,0,Investment_Trust,0
2026-03-30,5905,4000,Dealer_Hedging,3757
2026-03-30,5905,0,Dealer_self,0
2026-03-30,5905,0,Foreign_Dealer_Self,0
2026-03-30,5905,105000,Foreign_Investor,88000
2026-03-30,5905,0,Investment_Trust,0
2026-03-31,5905,5000,Dealer_Hedging,4691
2026-03-31,5905,0,Dealer_self,0
2026-03-31,5905,0,Foreign_Dealer_Self,0
2026-03-31,5905,133000,Foreign_Investor,167000
2026-03-31,5905,0,Investment_Trust,0
2026-04-01,5905,6000,Dealer_Hedging,6430
2026-04-01,5905,0,Dealer_self,42000
2026-04-01,5905,0,Foreign_Dealer_Self,0
2026-04-01,5905,151000,Foreign_Investor,25000
2026-04-01,5905,0,Investment_Trust,0
2026-04-02,5905,1000,Dealer_Hedging,222
2026-04-02,5905,0,Dealer_self,0
2026-04-02,5905,0,Foreign_Dealer_Self,0
2026-04-02,5905,71000,Foreign_Investor,68000
2026-04-02,5905,0,Investment_Trust,0
2026-04-07,5905,26000,Dealer_Hedging,26722
2026-04-07,5905,0,Dealer_self,14000
2026-04-07,5905,0,Foreign_Dealer_Self,0
2026-04-07,5905,252000,Foreign_Investor,90000
2026-04-07,5905,0,Investment_Trust,0
2026-04-08,5905,4000,Dealer_Hedging,3319
2026-04-08,5905,0,Dealer_self,0
2026-04-08,5905,0,Foreign_Dealer_Self,0
2026-04-08,5905,307000,Foreign_Investor,164000
2026-04-08,5905,0,Investment_Trust,0
2026-04-09,5905,10000,Dealer_Hedging,10622
2026-04-09,5905,0,Dealer_self,0
2026-04-09,5905,0,Foreign_Dealer_Self,0
2026-04-09,5905,92000,Foreign_Investor,338000
2026-04-09,5905,0,Investment_Trust,0
2026-04-10,5905,15000,Dealer_Hedging,14762
2026-04-10,5905,0,Dealer_self,0
2026-04-10,5905,0,Foreign_Dealer_Self,0
2026-04-10,5905,7317,Foreign_Investor,192000
2026-04-10,5905,0,Investment_Trust,0
2026-04-13,5905,7479,Dealer_Hedging,1000
2026-04-13,5905,0,Dealer_self,0
2026-04-13,5905,0,Foreign_Dealer_Self,0
2026-04-13,5905,5000,Foreign_Investor,13000
2026-04-13,5905,0,Investment_Trust,0
2026-04-14,5905,4000,Dealer_Hedging,10837
2026-04-14,5905,11000,Dealer_self,0
2026-04-14,5905,0,Foreign_Dealer_Self,0
2026-04-14,5905,283000,Foreign_Investor,572000
2026-04-14,5905,0,Investment_Trust,0
2026-04-15,5905,11000,Dealer_Hedging,11160
2026-04-15,5905,0,Dealer_self,0
2026-04-15,5905,0,Foreign_Dealer_Self,0
2026-04-15,5905,110000,Foreign_Investor,130000
2026-04-15,5905,0,Investment_Trust,0
2026-04-16,5905,4000,Dealer_Hedging,3637
2026-04-16,5905,0,Dealer_self,0
2026-04-16,5905,0,Foreign_Dealer_Self,0
2026-04-16,5905,145200,Foreign_Investor,73000
2026-04-16,5905,0,Investment_Trust,0
2026-04-17,5905,1000,Dealer_Hedging,674
2026-04-17,5905,0,Dealer_self,0
2026-04-17,5905,0,Foreign_Dealer_Self,0
2026-04-17,5905,31058,Foreign_Investor,55000
2026-04-17,5905,0,Investment_Trust,0
2026-04-20,5905,4000,Dealer_Hedging,4598
2026-04-20,5905,0,Dealer_self,0
2026-04-20,5905,0,Foreign_Dealer_Self,0
2026-04-20,5905,41000,Foreign_Investor,50000
2026-04-20,5905,0,Investment_Trust,0
2026-04-21,5905,5000,Dealer_Hedging,4435
2026-04-21,5905,0,Dealer_self,0
2026-04-21,5905,0,Foreign_Dealer_Self,0
2026-04-21,5905,83103,Foreign_Investor,27004
2026-04-21,5905,0,Investment_Trust,0
2026-04-22,5905,3000,Dealer_Hedging,3564
2026-04-22,5905,0,Dealer_self,0
2026-04-22,5905,0,Foreign_Dealer_Self,0
2026-04-22,5905,67000,Foreign_Investor,31000
2026-04-22,5905,0,Investment_Trust,0
2026-04-23,5905,7000,Dealer_Hedging,6307
2026-04-23,5905,0,Dealer_self,0
2026-04-23,5905,0,Foreign_Dealer_Self,0
2026-04-23,5905,303000,Foreign_Investor,80000
2026-04-23,5905,0,Investment_Trust,0
2026-04-24,5905,4000,Dealer_Hedging,4624
2026-04-24,5905,0,Dealer_self,0
2026-04-24,5905,0,Foreign_Dealer_Self,0
2026-04-24,5905,52000,Foreign_Investor,53000
2026-04-24,5905,0,Investment_Trust,0
2026-04-27,5905,5000,Dealer_Hedging,4551
2026-04-27,5905,0,Dealer_self,0
2026-04-27,5905,0,Foreign_Dealer_Self,0
2026-04-27,5905,169000,Foreign_Investor,32000
2026-04-27,5905,0,Investment_Trust,0
2026-04-28,5905,0,Dealer_Hedging,1
2026-04-28,5905,0,Dealer_self,0
2026-04-28,5905,0,Foreign_Dealer_Self,0
2026-04-28,5905,53000,Foreign_Investor,112000
2026-04-28,5905,0,Investment_Trust,0
2026-04-29,5905,0,Dealer_Hedging,0
2026-04-29,5905,0,Dealer_self,0
2026-04-29,5905,0,Foreign_Dealer_Self,0
2026-04-29,5905,7000,Foreign_Investor,96000
2026-04-29,5905,0,Investment_Trust,0
2026-04-30,5905,1000,Dealer_Hedging,1042
2026-04-30,5905,0,Dealer_self,0
2026-04-30,5905,0,Foreign_Dealer_Self,0
2026-04-30,5905,9000,Foreign_Investor,73000
2026-04-30,5905,0,Investment_Trust,0
2026-05-04,5905,1000,Dealer_Hedging,1263
2026-05-04,5905,0,Dealer_self,0
2026-05-04,5905,0,Foreign_Dealer_Self,0
2026-05-04,5905,79000,Foreign_Investor,68000
2026-05-04,5905,0,Investment_Trust,0
2026-05-05,5905,0,Dealer_Hedging,0
2026-05-05,5905,0,Dealer_self,0
2026-05-05,5905,0,Foreign_Dealer_Self,0
2026-05-05,5905,28000,Foreign_Investor,52000
2026-05-05,5905,0,Investment_Trust,0
2026-05-06,5905,1000,Dealer_Hedging,1040
2026-05-06,5905,0,Dealer_self,0
2026-05-06,5905,0,Foreign_Dealer_Self,0
2026-05-06,5905,12000,Foreign_Investor,127000
2026-05-06,5905,0,Investment_Trust,0
2026-05-07,5905,1000,Dealer_Hedging,403
2026-05-07,5905,0,Dealer_self,0
2026-05-07,5905,0,Foreign_Dealer_Self,0
2026-05-07,5905,124025,Foreign_Investor,19000
2026-05-07,5905,0,Investment_Trust,0
2026-05-08,5905,0,Dealer_Hedging,0
2026-05-08,5905,0,Dealer_self,0
2026-05-08,5905,0,Foreign_Dealer_Self,0
2026-05-08,5905,98000,Foreign_Investor,44000
2026-05-08,5905,0,Investment_Trust,0
2026-05-11,5905,105,Dealer_Hedging,365
2026-05-11,5905,0,Dealer_self,0
2026-05-11,5905,0,Foreign_Dealer_Self,0
2026-05-11,5905,187000,Foreign_Investor,252029
2026-05-11,5905,0,Investment_Trust,0
2026-05-12,5905,0,Dealer_Hedging,105
2026-05-12,5905,25000,Dealer_self,0
2026-05-12,5905,0,Foreign_Dealer_Self,0
2026-05-12,5905,108000,Foreign_Investor,68000
2026-05-12,5905,0,Investment_Trust,0
2026-05-13,5905,5000,Dealer_Hedging,5002
2026-05-13,5905,0,Dealer_self,0
2026-05-13,5905,0,Foreign_Dealer_Self,0
2026-05-13,5905,240440,Foreign_Investor,119000
2026-05-13,5905,0,Investment_Trust,0
2026-05-14,5905,5000,Dealer_Hedging,5284
2026-05-14,5905,0,Dealer_self,0
2026-05-14,5905,0,Foreign_Dealer_Self,0
2026-05-14,5905,3000,Foreign_Investor,230000
2026-05-14,5905,0,Investment_Trust,0
2026-05-15,5905,9000,Dealer_Hedging,8457
2026-05-15,5905,0,Dealer_self,0
2026-05-15,5905,0,Foreign_Dealer_Self,0
2026-05-15,5905,53000,Foreign_Investor,138000
2026-05-15,5905,0,Investment_Trust,0
2026-05-18,5905,0,Dealer_Hedging,0
2026-05-18,5905,0,Dealer_self,0
2026-05-18,5905,0,Foreign_Dealer_Self,0
2026-05-18,5905,14021,Foreign_Investor,26000
2026-05-18,5905,0,Investment_Trust,0
2026-05-19,5905,0,Dealer_Hedging,172
2026-05-19,5905,0,Dealer_self,0
2026-05-19,5905,0,Foreign_Dealer_Self,0
2026-05-19,5905,26000,Foreign_Investor,14000
2026-05-19,5905,0,Investment_Trust,0
2026-05-20,5905,1000,Dealer_Hedging,1072
2026-05-20,5905,0,Dealer_self,0
2026-05-20,5905,0,Foreign_Dealer_Self,0
2026-05-20,5905,25000,Foreign_Investor,10000
2026-05-20,5905,0,Investment_Trust,0
2026-05-21,5905,1000,Dealer_Hedging,1001
2026-05-21,5905,0,Dealer_self,0
2026-05-21,5905,0,Foreign_Dealer_Self,0
2026-05-21,5905,50000,Foreign_Investor,8000
2026-05-21,5905,0,Investment_Trust,0
2026-05-22,5905,1000,Dealer_Hedging,1203
2026-05-22,5905,0,Dealer_self,0
2026-05-22,5905,0,Foreign_Dealer_Self,0
2026-05-22,5905,33000,Foreign_Investor,5000
2026-05-22,5905,0,Investment_Trust,0
2026-05-25,5905,5000,Dealer_Hedging,5229
2026-05-25,5905,0,Dealer_self,0
2026-05-25,5905,0,Foreign_Dealer_Self,0
2026-05-25,5905,16000,Foreign_Investor,35090
2026-05-25,5905,0,Investment_Trust,0
2026-05-26,5905,2000,Dealer_Hedging,1564
2026-05-26,5905,0,Dealer_self,0
2026-05-26,5905,0,Foreign_Dealer_Self,0
2026-05-26,5905,61000,Foreign_Investor,14178
2026-05-26,5905,0,Investment_Trust,0
2026-05-27,5905,13000,Dealer_Hedging,12728
2026-05-27,5905,0,Dealer_self,0
2026-05-27,5905,0,Foreign_Dealer_Self,0
2026-05-27,5905,60000,Foreign_Investor,186416
2026-05-27,5905,0,Investment_Trust,0
2026-05-28,5905,2000,Dealer_Hedging,2322
2026-05-28,5905,0,Dealer_self,0
2026-05-28,5905,0,Foreign_Dealer_Self,0
2026-05-28,5905,58000,Foreign_Investor,27000
2026-05-28,5905,0,Investment_Trust,0
2026-05-29,5905,0,Dealer_Hedging,166
2026-05-29,5905,0,Dealer_self,0
2026-05-29,5905,0,Foreign_Dealer_Self,0
2026-05-29,5905,41000,Foreign_Investor,77000
2026-05-29,5905,0,Investment_Trust,0
2026-06-01,5905,2000,Dealer_Hedging,1408
2026-06-01,5905,0,Dealer_self,0
2026-06-01,5905,0,Foreign_Dealer_Self,0
2026-06-01,5905,177000,Foreign_Investor,20300
2026-06-01,5905,0,Investment_Trust,0
2026-06-02,5905,0,Dealer_Hedging,0
2026-06-02,5905,0,Dealer_self,0
2026-06-02,5905,0,Foreign_Dealer_Self,0
2026-06-02,5905,294000,Foreign_Investor,52000
2026-06-02,5905,0,Investment_Trust,0
2026-06-03,5905,4000,Dealer_Hedging,4435
2026-06-03,5905,0,Dealer_self,0
2026-06-03,5905,0,Foreign_Dealer_Self,0
2026-06-03,5905,477000,Foreign_Investor,351000
2026-06-03,5905,0,Investment_Trust,0
2026-06-04,5905,10000,Dealer_Hedging,9919
2026-06-04,5905,0,Dealer_self,0
2026-06-04,5905,0,Foreign_Dealer_Self,0
2026-06-04,5905,230000,Foreign_Investor,128000
2026-06-04,5905,0,Investment_Trust,0
2026-06-05,5905,11000,Dealer_Hedging,11009
2026-06-05,5905,0,Dealer_self,0
2026-06-05,5905,0,Foreign_Dealer_Self,0
2026-06-05,5905,308000,Foreign_Investor,99000
2026-06-05,5905,0,Investment_Trust,0
2026-06-08,5905,4000,Dealer_Hedging,3758
2026-06-08,5905,0,Dealer_self,0
2026-06-08,5905,0,Foreign_Dealer_Self,0
2026-06-08,5905,244000,Foreign_Investor,160000
2026-06-08,5905,0,Investment_Trust,0
2026-06-09,5905,14000,Dealer_Hedging,13968
2026-06-09,5905,0,Dealer_self,0
2026-06-09,5905,0,Foreign_Dealer_Self,0
2026-06-09,5905,192000,Foreign_Investor,79000
2026-06-09,5905,0,Investment_Trust,0
2026-06-10,5905,1000,Dealer_Hedging,995
2026-06-10,5905,0,Dealer_self,0
2026-06-10,5905,0,Foreign_Dealer_Self,0
2026-06-10,5905,401000,Foreign_Investor,22000
2026-06-10,5905,0,Investment_Trust,0
2026-06-11,5905,1000,Dealer_Hedging,1609
2026-06-11,5905,0,Dealer_self,0
2026-06-11,5905,0,Foreign_Dealer_Self,0
2026-06-11,5905,166000,Foreign_Investor,388000
2026-06-11,5905,0,Investment_Trust,0
2026-06-12,5905,0,Dealer_Hedging,219
2026-06-12,5905,0,Dealer_self,0
2026-06-12,5905,0,Foreign_Dealer_Self,0
2026-06-12,5905,284000,Foreign_Investor,23000
2026-06-12,5905,0,Investment_Trust,0
2026-06-15,5905,9000,Dealer_Hedging,8524
2026-06-15,5905,0,Dealer_self,0
2026-06-15,5905,0,Foreign_Dealer_Self,0
2026-06-15,5905,29000,Foreign_Investor,336000
2026-06-15,5905,0,Investment_Trust,0
2026-06-16,5905,6000,Dealer_Hedging,6167
2026-06-16,5905,0,Dealer_self,0
2026-06-16,5905,0,Foreign_Dealer_Self,0
2026-06-16,5905,179000,Foreign_Investor,39000
2026-06-16,5905,0,Investment_Trust,0
2026-06-17,5905,1203,Dealer_Hedging,690
2026-06-17,5905,0,Dealer_self,0
2026-06-17,5905,0,Foreign_Dealer_Self,0
2026-06-17,5905,546000,Foreign_Investor,416000
2026-06-17,5905,0,Investment_Trust,0
2026-06-18,5905,7000,Dealer_Hedging,7415
2026-06-18,5905,0,Dealer_self,0
2026-06-18,5905,0,Foreign_Dealer_Self,0
2026-06-18,5905,36392,Foreign_Investor,581000
2026-06-18,5905,0,Investment_Trust,0
2026-06-22,5905,5000,Dealer_Hedging,4517
2026-06-22,5905,0,Dealer_self,0
2026-06-22,5905,0,Foreign_Dealer_Self,0
2026-06-22,5905,52000,Foreign_Investor,72638
2026-06-22,5905,0,Investment_Trust,0
2026-06-23,5905,13000,Dealer_Hedging,13098
2026-06-23,5905,0,Dealer_self,0
2026-06-23,5905,0,Foreign_Dealer_Self,0
2026-06-23,5905,48000,Foreign_Investor,127000
2026-06-23,5905,0,Investment_Trust,0
2026-06-24,5905,1000,Dealer_Hedging,1446
2026-06-24,5905,0,Dealer_self,0
2026-06-24,5905,0,Foreign_Dealer_Self,0
2026-06-24,5905,44000,Foreign_Investor,43000
2026-06-24,5905,0,Investment_Trust,0
2026-06-25,5905,3000,Dealer_Hedging,3343
2026-06-25,5905,0,Dealer_self,0
2026-06-25,5905,0,Foreign_Dealer_Self,0
2026-06-25,5905,37000,Foreign_Investor,46000
2026-06-25,5905,0,Investment_Trust,0
2026-06-26,5905,6000,Dealer_Hedging,6004
2026-06-26,5905,0,Dealer_self,0
2026-06-26,5905,0,Foreign_Dealer_Self,0
2026-06-26,5905,70305,Foreign_Investor,114000
2026-06-26,5905,0,Investment_Trust,0
2026-06-29,5905,1000,Dealer_Hedging,278
2026-06-29,5905,0,Dealer_self,0
2026-06-29,5905,0,Foreign_Dealer_Self,0
2026-06-29,5905,82000,Foreign_Investor,47000
2026-06-29,5905,0,Investment_Trust,0
2026-06-30,5905,0,Dealer_Hedging,0
2026-06-30,5905,0,Dealer_self,0
2026-06-30,5905,0,Foreign_Dealer_Self,0
2026-06-30,5905,114000,Foreign_Investor,30000
2026-06-30,5905,0,Investment_Trust,0
2026-07-01,5905,1000,Dealer_Hedging,1477
2026-07-01,5905,0,Dealer_self,0
2026-07-01,5905,0,Foreign_Dealer_Self,0
2026-07-01,5905,42000,Foreign_Investor,90000
2026-07-01,5905,0,Investment_Trust,0
2026-07-02,5905,1000,Dealer_Hedging,306
2026-07-02,5905,0,Dealer_self,0
2026-07-02,5905,0,Foreign_Dealer_Self,0
2026-07-02,5905,543000,Foreign_Investor,47000
2026-07-02,5905,0,Investment_Trust,0
2026-07-03,5905,0,Dealer_Hedging,0
2026-07-03,5905,0,Dealer_self,0
2026-07-03,5905,0,Foreign_Dealer_Self,0
2026-07-03,5905,499000,Foreign_Investor,157000
2026-07-03,5905,0,Investment_Trust,0
2026-07-06,5905,0,Dealer_Hedging,1
2026-07-06,5905,0,Dealer_self,0
2026-07-06,5905,0,Foreign_Dealer_Self,0
2026-07-06,5905,479000,Foreign_Investor,162000
2026-07-06,5905,0,Investment_Trust,0
2026-07-07,5905,0,Dealer_Hedging,0
2026-07-07,5905,0,Dealer_self,0
2026-07-07,5905,0,Foreign_Dealer_Self,0
2026-07-07,5905,294395,Foreign_Investor,128000
2026-07-07,5905,0,Investment_Trust,0
2026-07-08,5905,0,Dealer_Hedging,2
2026-07-08,5905,0,Dealer_self,0
2026-07-08,5905,0,Foreign_Dealer_Self,0
2026-07-08,5905,143000,Foreign_Investor,160000
2026-07-08,5905,0,Investment_Trust,0
2026-07-09,5905,1000,Dealer_Hedging,1491
2026-07-09,5905,0,Dealer_self,0
2026-07-09,5905,0,Foreign_Dealer_Self,0
2026-07-09,5905,52000,Foreign_Investor,124000
2026-07-09,5905,0,Investment_Trust,0
2026-07-13,5905,3000,Dealer_Hedging,2881
2026-07-13,5905,40000,Dealer_self,0
2026-07-13,5905,0,Foreign_Dealer_Self,0
2026-07-13,5905,4000,Foreign_Investor,247000
2026-07-13,5905,0,Investment_Trust,0
2026-07-14,5905,1000,Dealer_Hedging,670
2026-07-14,5905,0,Dealer_self,0
2026-07-14,5905,0,Foreign_Dealer_Self,0
2026-07-14,5905,460000,Foreign_Investor,225000
2026-07-14,5905,0,Investment_Trust,0
2026-07-15,5905,0,Dealer_Hedging,0
2026-07-15,5905,0,Dealer_self,0
2026-07-15,5905,0,Foreign_Dealer_Self,0
2026-07-15,5905,954000,Foreign_Investor,331000
2026-07-15,5905,0,Investment_Trust,0
2026-07-16,5905,1000,Dealer_Hedging,1788
2026-07-16,5905,0,Dealer_self,0
2026-07-16,5905,0,Foreign_Dealer_Self,0
2026-07-16,5905,630000,Foreign_Investor,125000
2026-07-16,5905,0,Investment_Trust,0
2026-07-17,5905,4000,Dealer_Hedging,3165
2026-07-17,5905,0,Dealer_self,0
2026-07-17,5905,0,Foreign_Dealer_Self,0
2026-07-17,5905,184250,Foreign_Investor,417000
2026-07-17,5905,0,Investment_Trust,0
2026-07-20,5905,3000,Dealer_Hedging,3489
2026-07-20,5905,0,Dealer_self,0
2026-07-20,5905,0,Foreign_Dealer_Self,0
2026-07-20,5905,108147,Foreign_Investor,172000
2026-07-20,5905,0,Investment_Trust,0
2026-07-21,5905,0,Dealer_Hedging,440
2026-07-21,5905,0,Dealer_self,0
2026-07-21,5905,0,Foreign_Dealer_Self,0
2026-07-21,5905,30000,Foreign_Investor,98000
2026-07-21,5905,0,Investment_Trust,0
2026-07-22,5905,2000,Dealer_Hedging,1715
2026-07-22,5905,0,Dealer_self,0
2026-07-22,5905,0,Foreign_Dealer_Self,0
2026-07-22,5905,16000,Foreign_Investor,158000
2026-07-22,5905,0,Investment_Trust,0
2026-07-23,5905,1000,Dealer_Hedging,736
2026-07-23,5905,0,Dealer_self,0
2026-07-23,5905,0,Foreign_Dealer_Self,0
2026-07-23,5905,13000,Foreign_Investor,117000
2026-07-23,5905,0,Investment_Trust,0
2026-07-24,5905,3000,Dealer_Hedging,2880
2026-07-24,5905,0,Dealer_self,0
2026-07-24,5905,0,Foreign_Dealer_Self,0
2026-07-24,5905,18250,Foreign_Investor,40000
2026-07-24,5905,0,Investment_Trust,0
2026-07-27,5905,1000,Dealer_Hedging,437
2026-07-27,5905,0,Dealer_self,0
2026-07-27,5905,0,Foreign_Dealer_Self,0
2026-07-27,5905,126000,Foreign_Investor,56000
2026-07-27,5905,0,Investment_Trust,0
2026-07-28,5905,2000,Dealer_Hedging,3221
2026-07-28,5905,0,Dealer_self,0
2026-07-28,5905,0,Foreign_Dealer_Self,0
2026-07-28,5905,122000,Foreign_Investor,167000
2026-07-28,5905,0,Investment_Trust,0
2026-07-29,5905,6000,Dealer_Hedging,5801
2026-07-29,5905,0,Dealer_self,0
2026-07-29,5905,0,Foreign_Dealer_Self,0
2026-07-29,5905,222000,Foreign_Investor,268000
2026-07-29,5905,0,Investment_Trust,0
2026-07-30,5905,2000,Dealer_Hedging,1331
2026-07-30,5905,0,Dealer_self,0
2026-07-30,5905,0,Foreign_Dealer_Self,0
2026-07-30,5905,102000,Foreign_Investor,165000
2026-07-30,5905,0,Investment_Trust,0
2026-07-31,5905,0,Dealer_Hedging,0
2026-07-31,5905,0,Dealer_self,0
2026-07-31,5905,0,Foreign_Dealer_Self,0
2026-07-31,5905,4000,Foreign_Investor,117000
2026-07-31,5905,0,Investment_Trust,0
2026-08-03,5905,0,Dealer_Hedging,807
2026-08-03,5905,0,Dealer_self,0
2026-08-03,5905,0,Foreign_Dealer_Self,0
2026-08-03,5905,3000,Foreign_Investor,175000
2026-08-03,5905,0,Investment_Trust,0
2026-08-04,5905,2000,Dealer_Hedging,1207
2026-08-04,5905,0,Dealer_self,0
2026-08-04,5905,0,Foreign_Dealer_Self,0
2026-08-04,5905,26000,Foreign_Investor,71000
2026-08-04,5905,0,Investment_Trust,0
2026-08-05,5905,0,Dealer_Hedging,484
2026-08-05,5905,0,Dealer_self,0
2026-08-05,5905,0,Foreign_Dealer_Self,0
2026-08-05,5905,111000,Foreign_Investor,97000
2026-08-05,5905,0,Investment_Trust,0
2026-08-06,5905,0,Dealer_self,335
2026-08-06,5905,12000,Foreign_Investor,132000
2026-08-06,5905,0,Investment_Trust,0
2026-08-07,5905,3000,Dealer_self,2600
2026-08-07,5905,93000,Foreign_Investor,71000
2026-08-07,5905,0,Investment_Trust,0
2026-08-10,5905,0,Dealer_self,429
2026-08-10,5905,108000,Foreign_Investor,65000
2026-08-10,5905,0,Investment_Trust,0
2026-08-11,5905,1000,Dealer_self,461
2026-08-11,5905,23000,Foreign_Investor,166000
2026-08-11,5905,0,Investment_Trust,0
2026-08-12,5905,1000,Dealer_self,835
2026-08-12,5905,30000,Foreign_Investor,6000
2026-08-12,5905,0,Investment_Trust,0
2026-08-13,5905,0,Dealer_self,263
2026-08-13,5905,2000,Foreign_Investor,174000
2026-08-13,5905,0,Investment_Trust,0
2026-08-14,5905,2000,Dealer_self,1739
2026-08-14,5905,0,Foreign_Investor,296000
2026-08-14,5905,0,Investment_Trust,0
2026-08-17,5905,0,Dealer_self,226
2026-08-17,5905,28000,Foreign_Investor,62000
2026-08-17,5905,0,Investment_Trust,0
2026-08-18,5905,1000,Dealer_self,1051
2026-08-18,5905,6000,Foreign_Investor,87000
2026-08-18,5905,0,Investment_Trust,0
2026-08-19,5905,0,Dealer_self,280
2026-08-19,5905,22000,Foreign_Investor,53000
2026-08-19,5905,0,Investment_Trust,0
2026-08-20,5905,1000,Dealer_self,774
2026-08-20,5905,58000,Foreign_Investor,84000
2026-08-20,5905,0,Investment_Trust,0
2026-08-21,5905,0,Dealer_self,196
2026-08-21,5905,48000,Foreign_Investor,38000
2026-08-21,5905,0,Investment_Trust,0
2026-08-24,5905,0,Dealer_self,0
2026-08-24,5905,12000,Foreign_Investor,110000
2026-08-24,5905,0,Investment_Trust,0
2026-08-25,5905,0,Dealer_self,0
2026-08-25,5905,0,Foreign_Investor,37000
2026-08-25,5905,0,Investment_Trust,0
2026-08-26,5905,2000,Dealer_self,1436
2026-08-26,5905,31000,Foreign_Investor,39000
2026-08-26,5905,0,Investment_Trust,0
2026-08-27,5905,4000,Dealer_self,4615
2026-08-27,5905,31000,Foreign_Investor,68000
2026-08-27,5905,0,Investment_Trust,0
2026-08-28,5905,3000,Dealer_self,2704
2026-08-28,5905,52000,Foreign_Investor,301000
2026-08-28,5905,0,Investment_Trust,0
2026-08-31,5905,2000,Dealer_self,1685
2026-08-31,5905,69000,Foreign_Investor,75000
2026-08-31,5905,0,Investment_Trust,0
2026-09-01,5905,3000,Dealer_self,3569
2026-09-01,5905,5000,Foreign_Investor,22000
2026-09-01,5905,0,Investment_Trust,0
2026-09-02,5905,2000,Dealer_self,1641
2026-09-02,5905,7000,Foreign_Investor,50000
2026-09-02,5905,0,Investment_Trust,0
2026-09-03,5905,1000,Dealer_self,942
2026-09-03,5905,2000,Foreign_Investor,18000
2026-09-03,5905,0,Investment_Trust,0
2026-09-04,5905,1000,Dealer_self,1052
2026-09-04,5905,6000,Foreign_Investor,65000
2026-09-04,5905,0,Investment_Trust,0
2026-09-07,5905,5000,Dealer_self,4642
2026-09-07,5905,6000,Foreign_Investor,140000
2026-09-07,5905,0,Investment_Trust,0
2026-09-08,5905,7000,Dealer_self,7054
2026-09-08,5905,57000,Foreign_Investor,108000
2026-09-08,5905,0,Investment_Trust,0
2026-09-09,5905,25000,Dealer_self,25635
2026-09-09,5905,5000,Foreign_Investor,82000
2026-09-09,5905,0,Investment_Trust,0
2026-09-10,5905,16000,Dealer_self,15947
2026-09-10,5905,10030,Foreign_Investor,137000
2026-09-10,5905,0,Investment_Trust,0
2026-09-11,5905,17000,Dealer_self,16746
2026-09-11,5905,15520,Foreign_Investor,121000
2026-09-11,5905,0,Investment_Trust,0
2026-09-15,5905,5000,Dealer_self,5028
2026-09-15,5905,11270,Foreign_Investor,50000
2026-09-15,5905,0,Investment_Trust,0
2026-09-16,5905,28000,Dealer_self,28232
2026-09-16,5905,48000,Foreign_Investor,99000
2026-09-16,5905,0,Investment_Trust,0
2026-09-17,5905,9000,Dealer_self,9393
2026-09-17,5905,4000,Foreign_Investor,28322
2026-09-17,5905,0,Investment_Trust,0
2026-09-18,5905,6000,Dealer_self,5576
2026-09-18,5905,4000,Foreign_Investor,93000
2026-09-18,5905,0,Investment_Trust,0
2026-09-21,5905,6000,Dealer_self,6549
2026-09-21,5905,22000,Foreign_Investor,87000
2026-09-21,5905,0,Investment_Trust,0
2026-09-22,5905,13000,Dealer_self,12678
2026-09-22,5905,400,Foreign_Investor,88000
2026-09-22,5905,0,Investment_Trust,0
2026-09-23,5905,6000,Dealer_self,6017
2026-09-23,5905,14000,Foreign_Investor,12000
2026-09-23,5905,0,Investment_Trust,0
2026-09-24,5905,4000,Dealer_self,3928
2026-09-24,5905,3000,Foreign_Investor,21000
2026-09-24,5905,0,Investment_Trust,0
2026-09-29,5905,9000,Dealer_self,8737
2026-09-29,5905,43000,Foreign_Investor,81000
2026-09-29,5905,0,Investment_Trust,0
2026-09-30,5905,0,Dealer_self,0
2026-09-30,5905,7000,Foreign_Investor,50000
2026-09-30,5905,0,Investment_Trust,0
2026-10-01,5905,0,Dealer_self,0
2026-10-01,5905,18000,Foreign_Investor,47000
2026-10-01,5905,0,Investment_Trust,0
2026-10-02,5905,0,Dealer_self,684
2026-10-02,5905,19000,Foreign_Investor,4000
2026-10-02,5905,0,Investment_Trust,0
2026-10-05,5905,737,Dealer_self,0
2026-10-05,5905,0,Foreign_Investor,82000
2026-10-05,5905,0,Investment_Trust,0
2026-10-06,5905,151,Dealer_self,1000
2026-10-06,5905,28000,Foreign_Investor,16000
2026-10-06,5905,0,Investment_Trust,0
2026-10-07,5905,0,Dealer_self,0
2026-10-07,5905,71000,Foreign_Investor,12000
2026-10-07,5905,0,Investment_Trust,0
2026-10-08,5905,0,Dealer_self,0
2026-10-08,5905,29000,Foreign_Investor,15000
2026-10-08,5905,0,Investment_Trust,0
